F  [[(0, 0), 0]]
F  [[(0, 1), 2], [(1, 0), 99999]]
F  [[(1, 1), 4], [(1, 0), 99999]]
F  [[(1, 2), 7], [(2, 1), 11], [(1, 0), 99999]]
F  [[(2, 2), 7], [(2, 1), 11], [(1, 0), 99999]]
F  [[(2, 2), 0]]
F  [[(3, 2), 2], [(1, 2), 3], [(2, 3), 4], [(2, 1), 7]]
F  [[(4, 2), 2], [(1, 2), 3], [(3, 3), 3], [(2, 3), 4], [(2, 1), 7], [(3, 1), 100001]]
F  [[(1, 2), 3], [(3, 3), 3], [(2, 3), 4], [(4, 3), 4], [(4, 1), 5], [(2, 1), 7], [(3, 1), 100001]]
F  [[(3, 3), 3], [(2, 3), 4], [(4, 3), 4], [(1, 1), 5], [(4, 1), 5], [(2, 1), 7], [(3, 1), 100001]]
F  [[(2, 3), 4], [(4, 3), 4], [(1, 1), 5], [(4, 1), 5], [(3, 4), 6], [(2, 1), 7], [(3, 1), 100001]]
F  [[(4, 3), 4], [(1, 1), 5], [(4, 1), 5], [(2, 4), 6], [(3, 4), 6], [(2, 1), 7], [(3, 1), 100001]]
F  [[(4, 4), 4], [(1, 1), 5], [(4, 1), 5], [(2, 4), 6], [(3, 4), 6], [(2, 1), 7], [(3, 1), 100001]]
F  [[(1, 1), 5], [(4, 1), 5], [(2, 4), 6], [(3, 4), 6], [(2, 1), 7], [(3, 1), 100001]]
F  [[(4, 1), 5], [(2, 4), 6], [(3, 4), 6], [(0, 1), 7], [(2, 1), 7], [(3, 1), 100001], [(1, 0), 100004]]
F  [[(2, 4), 6], [(3, 4), 6], [(4, 0), 6], [(0, 1), 7], [(2, 1), 7], [(3, 1), 100001], [(1, 0), 100004]]
F  [[(3, 4), 6], [(4, 0), 6], [(0, 1), 7], [(1, 4), 7], [(2, 1), 7], [(3, 1), 100001], [(1, 0), 100004]]
F  [[(4, 0), 6], [(0, 1), 7], [(1, 4), 7], [(2, 1), 7], [(3, 1), 100001], [(1, 0), 100004]]
F  [[(0, 1), 7], [(1, 4), 7], [(2, 1), 7], [(3, 1), 100001], [(1, 0), 100004]]
F  [[(0, 0), 7], [(1, 4), 7], [(2, 1), 7], [(3, 1), 100001], [(1, 0), 100004]]
F  [[(1, 4), 7], [(2, 1), 7], [(3, 1), 100001], [(1, 0), 100004]]
F  [[(0, 4), 7], [(2, 1), 7], [(3, 1), 100001], [(1, 0), 100004]]
F  [[(0, 4), 0]]
F  [[(1, 4), 1], [(0, 3), 5]]
F  [[(2, 4), 3], [(0, 3), 5]]
F  [[(0, 3), 5], [(3, 4), 6], [(2, 3), 7]]
F  [[(3, 4), 6], [(2, 3), 7]]
F  [[(4, 4), 6], [(2, 3), 7], [(3, 3), 7]]
Total Frontier Nodes: 7
Total Explored Nodes: 28
Total Cost: 20
