Solution Path: [(4, 2), (3, 2), (2, 2), (1, 2), (1, 1), (1, 0), (2, 0), (1, 0), (1, 1), (1, 2), (1, 3)]
Total Frontier Nodes: 7
Total Explored Nodes: 23


Solution Path: [(3, 5), (2, 5), (1, 5), (1, 4), (1, 3), (2, 3), (1, 3), (0, 3), (0, 2), (0, 1), (1, 1), (2, 1)]
Total Frontier Nodes: 12
Total Explored Nodes: 88


No solution found.


No solution found.


Solution Path: [(4, 3), (4, 2), (4, 3), (3, 3), (3, 4), (2, 4), (1, 4), (1, 3), (1, 2), (2, 2), (2, 1), (2, 0), (1, 0), (0, 0), (1, 0), (2, 0), (2, 1), (2, 2), (1, 2), (1, 3), (1, 4), (2, 4), (3, 4), (4, 4), (4, 3), (4, 2), (4, 1)]
Total Frontier Nodes: 5
Total Explored Nodes: 54


Solution Path: [(4, 1), (3, 1), (2, 1), (2, 2), (2, 3), (1, 3), (2, 3), (2, 2), (3, 2), (3, 1), (3, 0), (2, 0), (1, 0), (1, 1), (2, 1), (3, 1), (4, 1), (5, 1), (5, 0), (4, 0), (3, 0), (2, 0), (2, 1), (2, 2), (2, 3), (1, 3), (0, 3), (0, 4), (0, 5), (1, 5), (2, 5), (1, 5), (0, 5), (0, 4), (0, 3), (1, 3), (2, 3), (2, 2), (3, 2), (3, 1), (3, 0), (2, 0), (1, 0), (1, 1)]
Total Frontier Nodes: 22
Total Explored Nodes: 115


Solution Path: [(1, 1), (0, 1), (0, 2), (0, 3), (0, 4), (0, 5), (1, 5), (0, 5), (0, 4), (0, 3), (0, 2), (1, 2), (2, 2), (2, 3), (2, 4), (3, 4), (4, 4), (5, 4), (5, 3), (5, 2), (4, 2), (3, 2), (2, 2), (1, 2), (0, 2), (0, 3), (0, 4), (1, 4), (2, 4), (3, 4), (4, 4)]
Total Frontier Nodes: 19
Total Explored Nodes: 39


Solution Path: [(0, 7), (1, 7), (2, 7), (3, 7), (4, 7), (3, 7), (2, 7), (1, 7), (0, 7), (0, 6), (0, 5), (1, 5), (1, 4), (1, 3), (0, 3), (0, 2), (0, 1), (0, 2), (0, 3), (0, 4), (0, 5), (0, 6), (0, 7), (1, 7), (2, 7), (3, 7), (4, 7), (5, 7), (6, 7), (7, 7), (7, 6), (7, 5), (6, 5), (5, 5), (4, 5), (4, 4), (4, 3), (3, 3), (3, 2), (2, 2), (1, 2), (0, 2), (0, 3), (0, 4), (0, 5), (0, 6), (0, 7), (1, 7), (2, 7), (3, 7), (4, 7), (5, 7), (4, 7), (3, 7), (2, 7), (1, 7), (0, 7), (0, 6), (0, 5), (1, 5), (1, 4), (1, 3), (0, 3), (0, 2), (0, 1), (1, 1), (2, 1), (2, 2), (3, 2), (3, 3), (4, 3), (4, 4), (4, 5), (4, 6), (5, 6), (5, 7), (6, 7), (7, 7), (7, 6), (7, 5), (6, 5), (6, 4), (6, 3), (7, 3), (7, 2), (7, 1), (6, 1), (5, 1), (5, 0)]
Total Frontier Nodes: 61
Total Explored Nodes: 120


Solution Path: [(0, 0), (1, 0), (1, 1), (1, 2), (1, 3), (0, 3), (0, 4), (0, 5), (0, 6), (0, 7), (0, 8), (1, 8), (2, 8), (3, 8), (4, 8), (5, 8), (6, 8), (7, 8), (8, 8), (8, 7), (8, 6), (7, 6), (6, 6), (5, 6), (4, 6), (4, 5), (3, 5), (3, 4), (3, 3), (3, 2), (2, 2), (1, 2), (1, 3), (0, 3), (0, 4), (0, 5), (0, 6), (0, 7), (0, 8), (1, 8), (2, 8), (3, 8), (4, 8), (5, 8), (6, 8), (7, 8), (8, 8), (8, 7), (8, 6), (7, 6)]
Total Frontier Nodes: 36
Total Explored Nodes: 79


Solution Path: [(1, 1), (0, 1), (0, 0), (0, 1), (0, 2), (0, 3), (0, 4), (1, 4), (2, 4), (2, 3), (3, 3), (4, 3), (4, 2), (4, 1), (3, 1), (3, 0)]
Total Frontier Nodes: 9
Total Explored Nodes: 35


Solution Path: [(4, 3), (3, 3), (2, 3), (1, 3), (0, 3), (0, 2), (0, 1), (1, 1), (2, 1), (3, 1), (4, 1), (5, 1), (6, 1), (5, 1), (4, 1), (3, 1), (2, 1), (1, 1), (0, 1), (0, 2), (0, 3), (0, 4), (1, 4), (1, 5), (1, 6), (2, 6), (3, 6), (4, 6), (3, 6), (2, 6), (1, 6), (1, 5), (1, 4), (0, 4), (0, 3), (0, 2), (0, 1), (1, 1), (2, 1), (2, 2), (2, 3), (3, 3), (3, 4), (4, 4), (5, 4), (6, 4), (6, 3), (6, 2), (5, 2), (5, 1), (4, 1), (3, 1), (2, 1), (2, 0)]
Total Frontier Nodes: 46
Total Explored Nodes: 115


Solution Path: [(2, 1), (2, 2), (1, 2), (1, 3), (1, 4), (2, 4), (1, 4), (2, 4), (3, 4), (4, 4), (4, 3), (4, 2), (3, 2), (2, 2)]
Total Frontier Nodes: 11
Total Explored Nodes: 17


Solution Path: [(0, 2), (1, 2), (2, 2), (2, 1), (1, 1), (0, 1), (0, 2), (0, 3), (1, 3), (0, 3), (0, 2), (0, 1), (1, 1), (2, 1), (3, 1), (2, 1), (1, 1), (0, 1), (0, 0), (0, 1), (0, 2), (1, 2)]
Total Frontier Nodes: 17
Total Explored Nodes: 38


Solution Path: [(4, 1), (4, 2), (3, 2), (2, 2), (1, 2), (0, 2), (0, 3), (0, 4), (0, 5), (0, 6), (1, 6), (2, 6), (3, 6), (4, 6), (5, 6), (6, 6), (6, 5), (5, 5), (4, 5), (3, 5), (2, 5), (1, 5), (0, 5), (0, 4), (0, 3), (0, 2), (1, 2), (2, 2), (2, 3), (3, 3), (4, 3), (5, 3), (6, 3), (5, 3), (4, 3), (3, 3), (2, 3), (2, 4), (1, 4), (0, 4), (0, 3), (0, 2), (1, 2), (1, 1), (2, 1), (2, 0), (1, 0), (0, 0), (0, 1), (0, 2), (0, 3), (0, 4), (0, 5), (0, 6), (1, 6), (2, 6), (3, 6), (4, 6), (5, 6), (6, 6), (6, 5), (6, 4), (5, 4), (4, 4), (3, 4), (3, 5)]
Total Frontier Nodes: 61
Total Explored Nodes: 122


Solution Path: [(1, 3), (0, 3), (0, 2), (0, 1), (1, 1), (2, 1), (2, 2), (3, 2), (3, 3), (3, 4), (3, 5), (4, 5), (3, 5), (2, 5), (1, 5), (1, 4), (0, 4), (0, 3), (0, 2), (1, 2), (2, 2), (2, 3), (3, 3), (4, 3), (3, 3), (2, 3), (1, 3), (0, 3), (0, 2), (0, 1), (1, 1), (2, 1), (2, 0), (3, 0), (2, 0), (1, 0), (1, 1), (0, 1), (0, 2), (0, 3), (0, 4), (1, 4), (1, 5), (2, 5), (3, 5), (4, 5), (5, 5), (5, 4), (5, 3), (5, 2), (4, 2), (3, 2), (2, 2), (1, 2), (1, 1), (1, 0), (2, 0), (1, 0), (1, 1), (0, 1), (0, 2), (0, 3), (0, 4), (1, 4), (1, 5), (2, 5), (3, 5), (4, 5), (5, 5), (5, 4), (5, 3), (4, 3), (4, 2), (4, 1)]
Total Frontier Nodes: 40
Total Explored Nodes: 109


Solution Path: [(0, 3), (0, 4), (0, 5), (1, 5), (2, 5), (2, 6), (3, 6), (4, 6), (5, 6), (6, 6), (6, 5), (6, 4), (5, 4), (4, 4), (3, 4), (3, 5), (2, 5), (1, 5), (0, 5), (0, 4), (0, 3), (1, 3), (2, 3), (2, 2), (3, 2), (4, 2), (4, 1), (4, 0), (3, 0), (2, 0), (1, 0), (1, 1)]
Total Frontier Nodes: 17
Total Explored Nodes: 40


Solution Path: [(0, 4), (0, 3), (1, 3), (2, 3), (2, 4), (3, 4), (4, 4), (4, 3), (3, 3), (2, 3), (2, 2), (1, 2), (0, 2), (0, 1), (1, 1)]
Total Frontier Nodes: 13
Total Explored Nodes: 54


Solution Path: [(5, 5), (4, 5), (3, 5), (2, 5), (2, 6), (1, 6), (0, 6), (0, 5), (0, 4), (1, 4), (2, 4), (2, 3), (3, 3), (4, 3), (4, 4), (5, 4), (6, 4), (6, 3), (6, 2), (5, 2)]
Total Frontier Nodes: 14
Total Explored Nodes: 33


Solution Path: [(1, 4), (1, 5), (0, 5), (0, 6), (0, 7), (1, 7), (2, 7), (3, 7), (4, 7), (5, 7), (6, 7), (7, 7), (7, 6), (7, 5), (7, 4), (6, 4), (5, 4), (4, 4), (4, 3), (3, 3), (2, 3), (2, 4), (1, 4), (1, 5), (0, 5), (0, 6), (0, 7), (1, 7), (2, 7), (3, 7), (4, 7), (5, 7), (6, 7), (7, 7), (7, 6), (7, 5), (6, 5), (5, 5), (5, 4), (4, 4), (4, 3), (3, 3), (3, 2), (2, 2), (1, 2), (0, 2), (0, 1), (0, 0), (1, 0), (2, 0), (2, 1), (3, 1), (3, 2), (4, 2)]
Total Frontier Nodes: 36
Total Explored Nodes: 177


Solution Path: [(7, 0), (6, 0), (5, 0), (4, 0), (3, 0), (2, 0), (1, 0), (0, 0), (0, 1), (0, 2), (0, 3), (0, 4), (0, 5), (0, 6), (0, 7), (0, 8), (1, 8), (2, 8), (3, 8), (4, 8), (5, 8), (6, 8), (6, 7), (6, 6), (5, 6), (4, 6), (3, 6), (2, 6), (2, 5), (2, 4), (1, 4), (0, 4), (0, 5), (0, 6), (0, 7), (0, 8), (1, 8), (2, 8), (3, 8), (4, 8), (5, 8), (4, 8), (3, 8), (2, 8), (1, 8), (0, 8), (0, 7), (0, 6), (1, 6), (2, 6), (3, 6), (4, 6), (5, 6), (6, 6), (6, 5), (7, 5), (8, 5), (8, 4), (8, 3), (7, 3), (6, 3), (5, 3), (4, 3), (4, 4), (3, 4), (2, 4), (1, 4), (0, 4), (0, 3), (0, 2), (1, 2), (1, 1), (2, 1), (3, 1), (3, 2)]
Total Frontier Nodes: 59
Total Explored Nodes: 85


Solution Path: [(2, 0), (2, 1), (3, 1), (3, 2)]
Total Frontier Nodes: 3
Total Explored Nodes: 14


Solution Path: [(1, 2), (1, 3), (2, 3), (3, 3), (3, 2), (3, 1), (2, 1), (2, 0), (1, 0), (1, 1), (1, 2), (1, 3), (2, 3), (1, 3), (2, 3), (3, 3), (3, 2), (3, 1), (2, 1), (1, 1), (1, 2), (1, 3), (2, 3), (3, 3), (3, 2)]
Total Frontier Nodes: 13
Total Explored Nodes: 47


Solution Path: [(0, 6), (1, 6), (2, 6), (3, 6), (4, 6), (5, 6), (5, 5), (6, 5), (6, 4), (6, 3), (6, 2), (5, 2), (5, 3), (4, 3), (3, 3), (2, 3), (2, 2), (1, 2), (0, 2), (0, 3), (0, 4), (0, 5), (0, 6), (1, 6), (2, 6), (3, 6), (4, 6), (5, 6), (5, 5), (6, 5), (6, 4), (6, 3), (5, 3), (5, 2)]
Total Frontier Nodes: 24
Total Explored Nodes: 100


Solution Path: [(1, 7), (0, 7), (0, 6), (0, 5), (1, 5), (2, 5), (2, 6), (3, 6), (3, 7), (3, 8), (4, 8), (5, 8), (6, 8), (7, 8), (8, 8), (8, 7), (8, 6), (7, 6), (6, 6), (5, 6), (5, 5), (4, 5), (4, 4), (4, 3), (5, 3), (6, 3), (7, 3), (7, 2), (6, 2), (6, 3), (5, 3), (4, 3), (4, 4), (3, 4), (2, 4), (1, 4), (1, 3), (0, 3), (0, 2), (0, 1), (1, 1), (2, 1)]
Total Frontier Nodes: 26
Total Explored Nodes: 111


Solution Path: [(5, 1), (4, 1), (3, 1), (2, 1), (2, 2), (1, 2), (0, 2), (0, 1), (0, 2), (0, 3), (0, 4), (0, 5), (1, 5), (2, 5), (3, 5), (4, 5), (4, 4), (3, 4), (2, 4), (1, 4), (0, 4), (0, 3), (0, 2), (1, 2), (0, 2), (0, 3), (0, 4), (0, 5), (1, 5), (2, 5), (2, 4), (2, 5), (3, 5), (4, 5), (5, 5), (5, 4)]
Total Frontier Nodes: 30
Total Explored Nodes: 90


Solution Path: [(1, 5), (0, 5), (0, 4), (1, 4), (2, 4), (3, 4), (3, 5), (4, 5), (5, 5), (5, 4), (5, 3), (4, 3), (4, 2), (3, 2), (2, 2), (2, 1), (2, 0), (1, 0), (2, 0), (2, 1), (2, 2), (1, 2), (0, 2), (0, 3), (0, 4), (1, 4), (2, 4), (3, 4), (3, 5), (4, 5), (5, 5), (5, 4), (5, 3), (4, 3), (3, 3), (2, 3), (1, 3), (1, 4)]
Total Frontier Nodes: 24
Total Explored Nodes: 54


Solution Path: [(1, 2), (0, 2), (0, 1), (0, 0), (1, 0), (2, 0), (3, 0), (4, 0), (4, 1), (4, 2), (3, 2), (3, 3), (2, 3), (2, 4), (1, 4), (1, 5), (0, 5), (0, 6), (0, 7), (1, 7), (0, 7), (0, 6), (0, 5), (1, 5), (2, 5), (2, 6), (3, 6), (4, 6), (4, 7), (5, 7), (6, 7), (7, 7), (7, 6), (7, 5), (6, 5), (5, 5), (5, 4), (4, 4), (3, 4), (3, 3), (2, 3), (1, 3), (0, 3), (0, 2), (0, 1), (1, 1), (2, 1), (2, 0), (3, 0), (4, 0), (5, 0), (6, 0), (5, 0), (4, 0), (3, 0), (2, 0), (1, 0), (0, 0), (0, 1), (0, 2), (0, 3), (1, 3), (2, 3)]
Total Frontier Nodes: 34
Total Explored Nodes: 114


Solution Path: [(0, 2), (0, 3), (0, 4), (0, 5), (0, 6), (1, 6), (2, 6), (3, 6), (4, 6), (5, 6), (5, 7), (6, 7), (7, 7), (7, 6), (7, 5), (6, 5), (6, 4), (5, 4), (4, 4), (3, 4), (3, 3), (3, 2), (2, 2), (2, 1), (1, 1), (0, 1), (0, 2), (0, 3), (0, 4), (0, 5), (0, 6), (1, 6), (2, 6), (3, 6), (4, 6), (5, 6), (5, 7), (6, 7), (7, 7), (7, 6), (7, 5), (6, 5), (6, 4), (5, 4), (4, 4), (3, 4), (3, 3), (3, 2), (4, 2), (3, 2), (2, 2), (1, 2), (0, 2), (0, 3), (0, 4), (0, 5), (0, 6), (1, 6), (2, 6), (3, 6), (4, 6), (4, 5), (3, 5), (2, 5), (1, 5), (0, 5), (0, 4), (0, 3), (1, 3), (1, 2), (2, 2), (3, 2), (3, 3), (4, 3), (5, 3), (5, 4), (6, 4), (5, 4), (4, 4), (3, 4), (2, 4), (1, 4), (0, 4), (0, 3), (0, 2), (1, 2), (2, 2), (2, 1), (1, 1), (0, 1), (0, 2), (0, 3), (0, 4), (0, 5), (0, 6), (1, 6), (2, 6), (3, 6), (4, 6), (5, 6), (5, 7), (6, 7), (7, 7), (7, 6), (7, 5), (6, 5), (6, 4), (5, 4), (4, 4), (3, 4), (3, 3), (3, 2), (4, 2), (5, 2), (6, 2), (7, 2)]
Total Frontier Nodes: 93
Total Explored Nodes: 196


Solution Path: [(4, 6), (3, 6), (2, 6), (1, 6), (0, 6), (0, 5), (0, 4), (1, 4), (2, 4), (3, 4), (4, 4), (5, 4), (6, 4), (6, 3), (6, 2), (5, 2), (4, 2), (3, 2), (3, 1), (2, 1), (2, 2), (1, 2), (0, 2), (0, 1), (0, 0), (1, 0)]
Total Frontier Nodes: 17
Total Explored Nodes: 71


Solution Path: [(0, 0), (1, 0), (2, 0), (3, 0), (3, 1), (3, 2), (2, 2), (2, 3), (2, 4), (3, 4), (2, 4), (2, 3), (2, 2), (3, 2), (4, 2), (4, 1), (4, 0), (3, 0), (2, 0), (1, 0)]
Total Frontier Nodes: 7
Total Explored Nodes: 33


Solution Path: [(0, 2), (0, 3), (1, 3), (0, 3), (0, 4), (0, 5), (0, 6), (0, 7), (0, 8), (1, 8), (2, 8), (3, 8), (3, 7), (2, 7), (1, 7), (0, 7), (0, 6), (0, 5), (1, 5), (1, 4), (2, 4), (3, 4), (3, 5), (4, 5), (4, 6), (5, 6), (5, 7), (6, 7), (7, 7), (8, 7), (8, 6), (8, 5), (7, 5), (6, 5), (6, 4), (5, 4), (5, 3), (4, 3), (4, 2), (3, 2), (2, 2), (1, 2), (0, 2), (0, 3), (0, 4), (0, 5), (0, 6), (0, 7), (0, 8), (1, 8), (2, 8), (3, 8), (4, 8), (5, 8), (5, 7), (6, 7), (7, 7), (7, 8)]
Total Frontier Nodes: 46
Total Explored Nodes: 192


Solution Path: [(1, 0), (0, 0), (0, 1), (0, 2), (0, 3), (0, 4), (1, 4), (2, 4), (3, 4), (4, 4), (4, 3), (4, 2), (4, 1), (3, 1), (2, 1), (2, 2), (1, 2), (0, 2), (0, 3), (0, 4), (1, 4), (2, 4), (3, 4), (4, 4)]
Total Frontier Nodes: 9
Total Explored Nodes: 29


Solution Path: [(4, 4), (5, 4), (6, 4)]
Total Frontier Nodes: 2
Total Explored Nodes: 90


Solution Path: [(0, 6), (0, 7), (0, 8), (1, 8), (2, 8), (3, 8), (4, 8), (4, 7), (5, 7), (6, 7), (6, 8), (7, 8), (8, 8), (8, 7), (8, 6), (7, 6), (7, 5), (6, 5), (5, 5), (4, 5), (3, 5), (2, 5), (1, 5), (1, 4), (0, 4), (0, 3), (0, 2), (1, 2), (2, 2), (2, 1), (1, 1), (0, 1), (0, 2), (0, 3), (0, 4), (0, 5), (0, 6), (0, 7), (0, 8), (1, 8), (2, 8), (3, 8), (4, 8), (4, 7), (5, 7), (6, 7), (7, 7)]
Total Frontier Nodes: 37
Total Explored Nodes: 118


No solution found.


Solution Path: [(0, 5), (1, 5), (2, 5), (2, 6), (3, 6), (4, 6), (4, 5), (4, 4), (3, 4), (3, 3), (2, 3), (1, 3), (0, 3), (0, 4), (0, 5), (1, 5), (2, 5), (2, 6), (3, 6), (4, 6), (4, 5), (4, 4), (3, 4), (2, 4), (1, 4), (0, 4), (0, 3), (0, 2), (1, 2), (2, 2), (3, 2), (4, 2), (3, 2), (2, 2), (1, 2), (0, 2), (0, 3), (0, 2), (0, 1), (0, 2), (0, 3), (0, 4), (0, 5), (1, 5), (2, 5), (2, 6), (3, 6)]
Total Frontier Nodes: 40
Total Explored Nodes: 99


Solution Path: [(6, 4), (5, 4), (4, 4), (3, 4), (2, 4), (1, 4), (1, 3), (0, 3), (0, 4), (0, 5), (1, 5), (2, 5), (3, 5), (4, 5), (5, 5), (6, 5), (6, 4), (6, 3), (5, 3), (4, 3), (3, 3), (3, 2), (3, 1), (3, 2), (2, 2), (1, 2), (0, 2), (0, 3), (0, 4), (0, 5), (1, 5), (2, 5)]
Total Frontier Nodes: 27
Total Explored Nodes: 67


Solution Path: [(1, 4), (0, 4), (0, 3), (0, 2), (1, 2), (2, 2), (2, 3), (3, 3), (4, 3), (3, 3), (2, 3), (1, 3), (0, 3), (0, 4), (0, 5), (0, 4)]
Total Frontier Nodes: 15
Total Explored Nodes: 68


Solution Path: [(7, 3), (6, 3), (5, 3), (4, 3), (3, 3), (2, 3), (1, 3), (0, 3), (0, 4), (0, 5), (0, 6), (0, 7), (0, 8), (1, 8), (0, 8), (0, 7), (0, 6), (1, 6), (2, 6), (2, 7), (3, 7), (4, 7), (4, 8), (5, 8), (6, 8), (7, 8), (8, 8), (8, 7), (8, 6), (7, 6), (6, 6), (5, 6), (5, 5), (4, 5), (3, 5), (3, 4), (2, 4), (1, 4), (0, 4), (0, 3), (0, 2), (0, 1), (1, 1), (2, 1), (2, 2), (3, 2), (4, 2), (4, 3), (5, 3), (6, 3), (6, 4), (7, 4), (8, 4), (8, 3), (8, 2), (7, 2), (7, 1), (7, 0), (6, 0), (5, 0), (4, 0), (3, 0), (2, 0), (1, 0), (0, 0), (0, 1), (0, 2), (0, 3), (0, 4), (0, 5), (0, 6), (0, 7), (1, 7), (2, 7), (3, 7), (4, 7), (4, 8), (5, 8), (6, 8), (7, 8), (8, 8), (8, 7), (8, 6), (7, 6), (6, 6), (5, 6), (5, 5), (5, 6), (5, 7)]
Total Frontier Nodes: 66
Total Explored Nodes: 239


Solution Path: [(4, 2), (3, 2), (3, 3), (2, 3), (2, 4), (1, 4), (0, 4), (0, 3), (0, 2), (0, 1), (0, 2), (0, 3), (0, 4), (1, 4), (2, 4), (3, 4), (4, 4), (4, 3), (4, 2), (3, 2), (3, 1), (2, 1), (2, 0)]
Total Frontier Nodes: 13
Total Explored Nodes: 45


Solution Path: [(0, 3), (0, 4), (0, 5), (0, 6), (0, 7), (1, 7), (2, 7), (3, 7), (3, 6), (4, 6), (5, 6), (5, 7), (6, 7), (7, 7), (7, 6), (7, 5), (6, 5), (6, 4), (5, 4), (4, 4), (3, 4), (2, 4), (2, 3), (2, 2), (3, 2), (2, 2), (1, 2), (0, 2), (0, 3), (0, 4), (0, 5), (0, 6), (0, 7), (1, 7), (2, 7), (3, 7), (3, 6), (4, 6), (5, 6), (5, 7), (6, 7), (7, 7), (6, 7), (5, 7), (5, 6), (4, 6), (3, 6), (2, 6), (2, 7), (1, 7), (0, 7), (0, 6), (0, 5), (1, 5), (1, 4), (2, 4), (3, 4), (3, 3), (2, 3), (1, 3), (0, 3), (0, 4), (0, 5), (0, 6), (0, 7), (1, 7), (2, 7), (3, 7), (3, 6), (4, 6), (5, 6), (5, 7), (6, 7), (7, 7), (7, 6), (7, 5), (6, 5), (6, 4), (5, 4), (5, 3), (5, 2), (6, 2), (5, 2), (4, 2), (3, 2), (2, 2), (1, 2), (0, 2), (0, 3), (0, 4), (0, 5), (0, 6), (0, 7), (1, 7), (2, 7), (3, 7), (3, 6), (4, 6), (5, 6), (6, 6)]
Total Frontier Nodes: 78
Total Explored Nodes: 188


Solution Path: [(1, 2), (1, 1), (2, 1), (1, 1), (2, 1), (3, 1), (3, 0), (3, 1), (3, 2), (3, 3)]
Total Frontier Nodes: 1
Total Explored Nodes: 25


Solution Path: [(1, 4), (1, 3), (0, 3), (0, 4), (0, 5), (1, 5), (2, 5), (3, 5), (4, 5), (4, 4), (5, 4), (5, 3), (5, 2), (4, 2), (3, 2), (2, 2), (1, 2), (1, 1), (0, 1), (0, 0), (0, 1), (1, 1), (1, 2), (1, 3), (0, 3), (0, 4), (0, 5), (1, 5), (2, 5), (3, 5), (4, 5), (4, 4), (3, 4), (2, 4), (1, 4), (1, 3), (1, 2), (2, 2), (3, 2), (4, 2), (5, 2), (5, 1), (4, 1), (3, 1), (3, 2), (2, 2), (1, 2), (1, 3), (0, 3), (0, 4), (0, 5), (1, 5), (2, 5), (3, 5), (4, 5), (4, 4), (5, 4)]
Total Frontier Nodes: 41
Total Explored Nodes: 99


Solution Path: [(7, 0), (6, 0), (5, 0), (4, 0), (3, 0), (2, 0), (1, 0), (1, 1), (1, 2), (1, 3), (0, 3), (0, 4), (0, 5), (0, 6), (0, 7), (1, 7), (2, 7), (3, 7), (4, 7), (5, 7), (6, 7), (7, 7), (7, 6), (7, 7), (6, 7), (5, 7), (4, 7), (3, 7), (2, 7), (1, 7), (0, 7), (0, 6), (0, 5)]
Total Frontier Nodes: 20
Total Explored Nodes: 37


Solution Path: [(0, 6), (1, 6), (2, 6), (3, 6), (4, 6), (5, 6), (6, 6), (6, 5), (6, 4), (6, 3), (5, 3), (4, 3), (3, 3), (2, 3), (1, 3), (1, 2), (1, 1), (2, 1), (3, 1), (4, 1), (4, 0), (4, 1), (3, 1), (2, 1), (1, 1), (1, 2), (1, 3), (0, 3), (0, 4), (0, 5), (0, 6), (1, 6), (2, 6), (1, 6), (0, 6), (0, 5), (0, 4), (0, 3), (1, 3), (2, 3), (3, 3), (4, 3), (4, 4), (4, 5), (4, 6), (5, 6), (6, 6), (6, 5), (6, 4), (6, 3), (6, 2)]
Total Frontier Nodes: 33
Total Explored Nodes: 144


Solution Path: [(4, 6), (3, 6), (2, 6), (1, 6), (1, 5), (0, 5), (0, 4), (0, 3), (0, 2), (1, 2), (2, 2), (2, 3), (2, 4), (3, 4), (4, 4), (5, 4), (5, 5), (6, 5), (7, 5), (7, 4), (7, 3), (7, 2), (6, 2), (6, 1), (5, 1), (4, 1), (3, 1), (2, 1), (1, 1), (1, 0)]
Total Frontier Nodes: 27
Total Explored Nodes: 88


Solution Path: [(2, 4), (1, 4), (0, 4), (0, 5), (0, 6), (0, 7), (0, 8), (1, 8), (2, 8), (3, 8), (4, 8), (5, 8), (5, 7), (6, 7), (7, 7), (8, 7), (8, 6), (8, 5), (7, 5), (6, 5), (5, 5), (4, 5), (4, 6), (3, 6), (2, 6), (1, 6), (0, 6), (0, 7), (0, 8), (1, 8), (2, 8), (3, 8), (4, 8), (5, 8), (5, 7), (6, 7), (7, 7), (8, 7), (8, 6), (8, 5), (7, 5), (6, 5), (5, 5), (5, 4), (4, 4), (3, 4), (2, 4), (1, 4), (0, 4), (0, 3), (0, 2), (1, 2), (2, 2), (3, 2), (4, 2), (5, 2), (5, 1), (6, 1), (7, 1), (6, 1), (5, 1), (4, 1), (3, 1), (2, 1), (1, 1), (0, 1), (0, 2), (0, 3), (0, 4), (0, 5), (0, 6), (0, 7), (0, 8), (1, 8), (2, 8), (3, 8), (4, 8), (5, 8), (5, 7), (6, 7), (7, 7), (8, 7), (8, 6), (8, 5), (7, 5), (6, 5), (5, 5), (4, 5), (3, 5), (2, 5), (2, 4), (2, 3), (3, 3), (4, 3), (5, 3), (6, 3), (5, 3), (4, 3), (3, 3), (2, 3), (1, 3), (0, 3), (0, 4), (0, 5), (0, 6), (0, 7), (0, 8), (1, 8), (2, 8), (3, 8), (4, 8), (5, 8), (5, 7), (6, 7), (7, 7), (8, 7), (8, 6), (8, 5), (7, 5), (6, 5), (5, 5), (4, 5), (4, 4), (4, 3), (5, 3), (6, 3), (7, 3), (8, 3), (8, 2), (8, 1), (7, 1), (6, 1), (5, 1), (4, 1), (3, 1), (2, 1), (1, 1), (0, 1), (0, 2), (0, 3), (0, 4), (0, 5), (0, 6), (0, 7), (0, 8)]
Total Frontier Nodes: 117
Total Explored Nodes: 168


Solution Path: [(2, 2), (2, 3), (1, 3), (0, 3), (0, 4), (0, 5), (0, 6), (1, 6), (2, 6), (2, 5), (3, 5), (4, 5), (5, 5), (5, 4), (5, 3), (4, 3), (3, 3), (2, 3), (1, 3), (0, 3), (0, 2), (0, 1), (1, 1), (1, 0)]
Total Frontier Nodes: 20
Total Explored Nodes: 52


Solution Path: [(5, 0), (4, 0), (3, 0), (2, 0), (1, 0), (0, 0), (0, 1), (0, 2), (1, 2), (2, 2), (2, 3), (3, 3), (3, 4), (3, 5), (2, 5), (2, 6), (3, 6), (4, 6), (5, 6), (6, 6), (6, 5), (6, 4), (5, 4), (4, 4), (3, 4), (3, 3), (2, 3), (2, 2), (1, 2), (0, 2), (0, 1), (0, 0), (1, 0), (2, 0), (3, 0), (2, 0), (1, 0), (0, 0)]
Total Frontier Nodes: 24
Total Explored Nodes: 49


Solution Path: [(3, 3), (2, 3), (1, 3), (0, 3), (0, 4), (0, 5), (0, 6), (0, 7), (1, 7), (2, 7), (3, 7), (4, 7), (5, 7), (6, 7), (7, 7), (7, 6), (7, 5), (6, 5), (5, 5), (4, 5), (3, 5), (2, 5), (1, 5), (0, 5), (0, 6), (0, 7), (1, 7), (2, 7), (3, 7), (4, 7), (5, 7), (6, 7), (7, 7), (7, 6), (7, 5), (6, 5), (5, 5), (4, 5), (4, 4), (3, 4), (3, 3), (2, 3), (1, 3), (0, 3), (0, 2), (0, 1), (1, 1), (1, 0), (0, 0), (0, 1), (0, 2), (0, 3), (0, 4), (0, 5), (0, 6), (0, 7), (1, 7), (2, 7), (3, 7), (4, 7), (5, 7), (6, 7), (7, 7), (7, 6), (7, 5), (6, 5), (5, 5), (4, 5), (3, 5), (2, 5), (2, 4), (2, 5), (1, 5), (0, 5), (0, 6), (0, 7), (1, 7), (2, 7), (3, 7), (4, 7), (5, 7)]
Total Frontier Nodes: 52
Total Explored Nodes: 101


Solution Path: [(8, 6), (7, 6), (6, 6), (5, 6), (4, 6), (4, 7), (3, 7), (2, 7), (1, 7), (0, 7), (0, 6), (0, 5), (1, 5), (1, 4), (2, 4), (3, 4), (3, 3), (2, 3), (1, 3), (0, 3), (0, 4), (0, 5), (0, 6), (0, 7), (0, 8), (1, 8), (2, 8), (2, 7), (3, 7), (4, 7), (5, 7), (4, 7), (3, 7), (2, 7), (1, 7), (0, 7), (0, 6), (0, 5), (1, 5), (1, 4), (2, 4), (3, 4), (4, 4)]
Total Frontier Nodes: 47
Total Explored Nodes: 256


Solution Path: [(0, 2), (0, 3), (0, 4), (0, 5), (0, 6), (0, 7), (0, 8), (1, 8), (2, 8), (3, 8), (4, 8), (5, 8), (6, 8), (7, 8), (8, 8), (8, 7), (8, 6), (7, 6), (6, 6), (5, 6), (4, 6), (3, 6), (2, 6), (2, 5), (2, 4), (3, 4), (4, 4), (5, 4), (6, 4), (7, 4), (7, 3), (8, 3), (8, 2), (8, 1), (7, 1), (6, 1), (6, 2)]
Total Frontier Nodes: 27
Total Explored Nodes: 111


Solution Path: [(3, 1), (2, 1), (1, 1), (0, 1), (0, 2), (0, 3), (0, 4), (0, 5), (0, 6), (0, 7), (1, 7), (2, 7), (2, 6), (3, 6), (3, 5), (2, 5), (1, 5), (0, 5), (0, 4), (0, 3), (1, 3), (2, 3), (3, 3), (4, 3), (4, 4), (5, 4), (5, 5)]
Total Frontier Nodes: 25
Total Explored Nodes: 85


No solution found.


Solution Path: [(2, 2), (2, 3), (2, 4), (3, 4), (4, 4), (4, 3), (4, 2), (4, 1), (3, 1), (3, 0), (3, 1), (4, 1)]
Total Frontier Nodes: 3
Total Explored Nodes: 20


Solution Path: [(1, 5), (1, 4), (0, 4), (0, 3), (0, 2), (1, 2), (2, 2), (3, 2), (4, 2), (4, 3), (5, 3), (5, 4), (5, 5), (4, 5), (3, 5), (3, 4), (2, 4), (2, 3)]
Total Frontier Nodes: 9
Total Explored Nodes: 44


Solution Path: [(1, 3), (1, 4), (2, 4), (3, 4), (3, 3), (3, 2), (2, 2), (2, 1), (1, 1), (1, 2), (0, 2), (0, 3), (0, 4), (1, 4), (0, 4), (0, 3), (0, 2), (1, 2), (2, 2), (2, 3), (3, 3), (2, 3), (1, 3), (1, 2), (1, 1), (2, 1), (2, 0), (3, 0), (2, 0), (2, 1), (1, 1), (1, 2), (0, 2), (0, 3), (0, 4), (1, 4), (2, 4), (3, 4), (4, 4), (3, 4), (2, 4), (1, 4), (0, 4), (0, 3), (0, 2), (1, 2), (2, 2), (2, 1), (2, 0)]
Total Frontier Nodes: 25
Total Explored Nodes: 64


Solution Path: [(4, 5), (3, 5), (2, 5), (1, 5), (1, 4), (1, 3), (2, 3), (3, 3), (4, 3), (5, 3), (5, 2), (6, 2), (6, 1), (6, 0), (5, 0), (4, 0), (3, 0), (2, 0), (2, 1), (1, 1), (1, 2), (1, 3), (1, 4), (1, 5), (1, 6), (0, 6), (1, 6), (1, 5), (2, 5), (3, 5), (3, 6), (4, 6), (5, 6), (5, 5), (5, 4), (4, 4), (4, 3), (3, 3), (2, 3), (1, 3), (1, 2), (1, 1), (0, 1), (1, 1), (1, 2), (1, 3)]
Total Frontier Nodes: 34
Total Explored Nodes: 64


Solution Path: [(0, 4), (1, 4), (2, 4), (3, 4), (4, 4), (4, 3), (4, 2), (3, 2), (2, 2), (1, 2), (1, 1), (1, 0), (2, 0), (3, 0), (4, 0), (3, 0), (2, 0), (1, 0), (1, 1), (1, 2), (2, 2), (1, 2)]
Total Frontier Nodes: 13
Total Explored Nodes: 66


Solution Path: [(3, 3), (2, 3), (1, 3), (0, 3), (0, 2), (0, 1), (1, 1), (2, 1), (3, 1), (4, 1), (5, 1), (5, 2), (5, 3), (4, 3), (4, 4)]
Total Frontier Nodes: 14
Total Explored Nodes: 48


Solution Path: [(6, 4), (5, 4), (4, 4), (3, 4), (3, 5), (2, 5), (1, 5), (0, 5), (0, 4), (0, 3), (1, 3), (2, 3), (2, 2), (3, 2), (3, 1), (3, 0), (2, 0), (1, 0), (0, 0), (0, 1), (0, 2), (0, 3), (0, 4), (0, 5), (0, 6), (1, 6), (2, 6), (3, 6), (4, 6), (5, 6), (6, 6), (6, 5), (6, 4), (5, 4), (4, 4), (3, 4), (3, 3), (2, 3), (2, 2), (2, 1), (3, 1), (4, 1), (5, 1), (6, 1), (6, 0), (5, 0), (5, 1), (4, 1), (3, 1), (2, 1), (1, 1), (0, 1), (0, 2), (0, 3), (0, 4), (0, 5), (0, 6), (1, 6), (2, 6), (3, 6), (4, 6), (5, 6), (6, 6), (6, 5), (6, 4), (5, 4), (4, 4), (3, 4), (3, 3), (2, 3), (1, 3), (0, 3), (0, 2), (0, 1), (1, 1), (2, 1), (3, 1), (4, 1), (5, 1), (6, 1), (6, 2), (6, 3), (5, 3), (4, 3), (3, 3), (2, 3), (1, 3), (0, 3), (0, 2), (0, 1), (1, 1), (2, 1), (3, 1), (4, 1), (5, 1), (5, 0)]
Total Frontier Nodes: 75
Total Explored Nodes: 127


Solution Path: [(2, 3), (1, 3), (1, 4), (0, 4), (0, 5), (0, 6), (1, 6), (2, 6), (3, 6), (4, 6), (5, 6), (6, 6), (6, 5)]
Total Frontier Nodes: 9
Total Explored Nodes: 14


Solution Path: [(7, 4), (6, 4), (5, 4), (4, 4), (3, 4), (2, 4), (1, 4), (0, 4), (0, 5), (0, 6), (0, 7), (0, 8), (1, 8), (2, 8), (3, 8), (4, 8), (5, 8), (6, 8), (7, 8), (8, 8), (8, 7), (8, 6), (7, 6), (6, 6), (5, 6), (4, 6), (3, 6), (2, 6), (1, 6), (0, 6), (0, 7), (0, 8), (1, 8), (2, 8), (3, 8), (4, 8), (5, 8), (6, 8), (7, 8), (8, 8), (8, 7), (8, 6), (7, 6), (6, 6), (5, 6), (4, 6), (3, 6), (2, 6), (1, 6), (0, 6), (0, 5), (0, 4), (1, 4), (2, 4), (3, 4), (4, 4), (5, 4), (6, 4), (7, 4), (8, 4), (8, 3), (8, 2), (7, 2), (6, 2), (5, 2), (4, 2), (3, 2), (2, 2), (1, 2), (1, 1), (0, 1), (0, 2), (0, 3), (0, 4), (0, 5), (0, 6), (0, 7), (0, 8), (1, 8), (2, 8), (3, 8), (2, 8), (1, 8), (0, 8), (0, 7), (0, 6), (1, 6), (2, 6), (3, 6), (4, 6), (4, 7), (5, 7), (5, 8), (6, 8), (7, 8), (8, 8), (8, 7), (8, 6), (7, 6), (6, 6), (6, 5), (5, 5), (5, 4), (5, 3), (4, 3), (3, 3), (2, 3), (1, 3), (0, 3), (0, 4), (0, 5), (0, 6), (0, 7)]
Total Frontier Nodes: 97
Total Explored Nodes: 179


Solution Path: [(1, 2), (0, 2), (0, 3), (0, 4), (0, 5), (1, 5), (2, 5), (3, 5), (3, 6), (4, 6), (5, 6), (6, 6), (6, 5), (6, 4), (5, 4), (5, 3), (5, 2), (5, 1), (4, 1), (3, 1), (2, 1), (1, 1), (0, 1), (0, 2), (0, 3), (0, 4), (0, 5), (1, 5), (2, 5), (3, 5), (3, 6), (4, 6), (5, 6), (6, 6), (6, 5), (6, 4), (6, 3), (6, 2), (5, 2), (4, 2), (3, 2), (2, 2), (1, 2), (0, 2), (0, 3), (0, 4), (0, 5), (1, 5), (2, 5), (3, 5), (3, 4), (2, 4), (1, 4), (0, 4), (0, 3), (0, 2), (1, 2), (2, 2), (3, 2), (4, 2), (5, 2), (4, 2), (3, 2), (2, 2), (1, 2), (0, 2), (0, 3), (0, 4), (0, 5), (1, 5), (2, 5), (3, 5), (3, 6), (4, 6), (5, 6), (6, 6), (6, 5), (6, 4), (5, 4), (5, 3), (5, 2), (4, 2), (3, 2), (3, 3)]
Total Frontier Nodes: 74
Total Explored Nodes: 141


Solution Path: [(1, 3), (0, 3), (0, 4), (0, 5), (0, 6), (1, 6), (2, 6), (3, 6), (3, 5), (2, 5), (1, 5), (0, 5), (0, 4), (0, 3), (1, 3), (2, 3), (3, 3), (4, 3), (4, 4), (5, 4), (6, 4), (7, 4), (7, 3), (7, 2), (6, 2), (6, 1), (5, 1), (4, 1), (4, 0), (3, 0), (2, 0), (1, 0), (0, 0), (0, 1), (0, 2), (0, 3), (0, 4), (0, 5), (0, 6), (1, 6), (2, 6), (3, 6), (3, 7), (4, 7), (5, 7), (5, 6), (5, 5), (4, 5), (4, 4), (3, 4), (2, 4), (2, 3), (2, 2), (3, 2), (4, 2), (4, 1), (3, 1), (2, 1), (1, 1), (0, 1), (0, 2), (0, 3), (0, 4), (0, 5), (0, 6), (1, 6), (2, 6), (3, 6), (3, 7), (4, 7), (5, 7), (5, 6), (5, 5), (5, 4)]
Total Frontier Nodes: 53
Total Explored Nodes: 225


No solution found.


Solution Path: [(1, 0), (1, 1), (1, 2), (2, 2), (2, 1), (2, 0), (3, 0)]
Total Frontier Nodes: 3
Total Explored Nodes: 12


Solution Path: [(6, 6), (5, 6), (4, 6), (3, 6), (2, 6), (1, 6), (0, 6), (0, 5), (0, 4), (1, 4), (2, 4), (3, 4), (4, 4), (4, 3), (5, 3), (6, 3), (7, 3), (7, 2), (7, 1), (7, 0), (6, 0), (5, 0), (5, 1), (4, 1), (3, 1), (2, 1), (1, 1), (0, 1), (0, 2), (0, 3), (0, 4), (0, 5), (0, 6), (0, 7), (1, 7), (2, 7), (3, 7), (4, 7), (5, 7), (6, 7), (7, 7), (7, 6), (7, 5), (6, 5), (5, 5), (4, 5), (3, 5), (3, 4), (2, 4), (2, 3), (2, 2), (3, 2), (4, 2), (4, 3)]
Total Frontier Nodes: 49
Total Explored Nodes: 74


Solution Path: [(3, 3), (2, 3), (1, 3), (1, 2), (0, 2), (0, 3), (0, 4), (1, 4), (2, 4), (2, 3), (3, 3), (4, 3), (5, 3), (5, 2), (5, 1), (4, 1), (3, 1), (2, 1), (1, 1), (0, 1), (1, 1)]
Total Frontier Nodes: 21
Total Explored Nodes: 84


Solution Path: [(5, 6), (4, 6), (3, 6), (2, 6), (1, 6), (0, 6), (0, 5), (0, 4), (0, 3), (0, 4), (0, 5), (0, 6), (0, 7), (1, 7), (2, 7), (3, 7), (4, 7), (5, 7), (5, 6), (5, 5), (4, 5), (3, 5), (2, 5), (2, 4), (2, 3), (3, 3), (4, 3), (5, 3), (6, 3), (7, 3), (7, 2), (7, 1), (6, 1), (5, 1), (4, 1), (3, 1), (2, 1), (1, 1), (0, 1), (0, 0), (0, 1), (0, 2), (0, 3), (0, 4), (0, 5), (0, 6), (0, 7), (1, 7), (2, 7), (3, 7), (4, 7), (5, 7), (6, 7), (6, 6), (7, 6)]
Total Frontier Nodes: 45
Total Explored Nodes: 100


Solution Path: [(2, 0), (2, 1), (3, 1), (2, 1), (2, 0), (1, 0), (2, 0), (2, 1), (2, 2), (1, 2)]
Total Frontier Nodes: 5
Total Explored Nodes: 19


No solution found.


Solution Path: [(4, 2), (3, 2), (2, 2), (1, 2), (0, 2), (0, 3), (0, 4), (0, 5), (0, 6), (1, 6), (2, 6), (3, 6), (4, 6), (5, 6), (6, 6), (6, 5), (6, 4), (5, 4), (4, 4), (4, 5), (3, 5), (2, 5), (1, 5), (0, 5), (0, 4), (0, 3), (1, 3), (1, 2), (2, 2), (3, 2), (3, 1), (2, 1), (1, 1), (0, 1), (0, 2), (0, 3), (0, 4), (0, 5), (1, 5), (0, 5), (0, 4), (0, 3), (1, 3), (1, 2), (2, 2), (3, 2), (2, 2), (1, 2), (0, 2), (0, 3), (0, 4), (0, 5), (0, 6), (1, 6), (2, 6), (3, 6), (4, 6), (5, 6), (6, 6), (6, 5), (6, 4), (5, 4), (5, 3), (5, 2), (6, 2), (6, 1), (6, 0), (5, 0), (4, 0), (3, 0), (2, 0), (1, 0)]
Total Frontier Nodes: 59
Total Explored Nodes: 121


Solution Path: [(4, 1), (3, 1), (2, 1), (1, 1), (1, 2), (0, 2), (0, 3), (0, 4), (0, 5), (1, 5), (2, 5), (3, 5), (4, 5), (5, 5), (5, 4), (5, 3), (4, 3), (3, 3), (3, 2), (3, 1), (4, 1), (5, 1), (5, 0), (4, 0), (4, 1), (3, 1), (2, 1), (2, 2)]
Total Frontier Nodes: 22
Total Explored Nodes: 63


Solution Path: [(0, 2), (0, 3), (1, 3), (1, 4), (1, 5), (1, 6), (2, 6), (3, 6), (4, 6), (5, 6), (6, 6), (6, 5), (6, 4), (5, 4), (5, 3), (4, 3), (3, 3), (3, 2), (2, 2), (2, 1), (2, 0), (3, 0), (2, 0), (1, 0), (0, 0), (0, 1), (0, 2), (0, 3), (1, 3), (1, 4), (1, 5), (1, 6), (2, 6), (3, 6), (4, 6), (5, 6), (6, 6), (6, 5), (6, 4), (5, 4), (5, 3), (4, 3), (3, 3), (2, 3), (1, 3), (0, 3), (0, 2), (0, 1), (1, 1), (2, 1), (3, 1), (4, 1), (4, 0), (5, 0), (6, 0), (6, 1), (6, 2), (6, 3), (5, 3), (5, 4), (5, 5), (4, 5), (3, 5), (3, 6)]
Total Frontier Nodes: 38
Total Explored Nodes: 80


Solution Path: [(2, 0), (1, 0), (1, 1), (1, 2), (2, 2), (1, 2), (1, 1)]
Total Frontier Nodes: 3
Total Explored Nodes: 10


Solution Path: [(3, 1), (2, 1), (1, 1), (0, 1), (0, 2), (0, 3), (0, 4), (0, 5), (0, 6), (0, 7), (0, 8), (1, 8), (2, 8), (3, 8), (4, 8), (5, 8), (6, 8), (7, 8), (8, 8), (8, 7), (8, 6), (7, 6), (6, 6), (5, 6), (4, 6), (3, 6), (3, 5), (3, 4), (4, 4), (4, 3), (5, 3), (5, 2), (6, 2), (7, 2), (7, 3), (7, 4), (8, 4), (7, 4), (6, 4), (6, 5), (5, 5), (4, 5), (3, 5), (3, 6), (2, 6), (1, 6), (0, 6), (0, 5), (0, 4), (1, 4), (2, 4), (2, 3), (3, 3), (4, 3), (5, 3), (5, 2), (6, 2), (7, 2), (8, 2), (8, 1), (8, 0), (7, 0), (6, 0), (5, 0), (4, 0), (3, 0), (2, 0), (1, 0), (0, 0), (0, 1), (0, 2), (0, 3), (0, 4), (0, 5), (1, 5), (0, 5), (0, 6), (0, 7), (0, 8), (1, 8), (2, 8), (3, 8), (4, 8), (5, 8), (5, 7), (4, 7), (3, 7), (2, 7), (1, 7), (0, 7), (0, 6), (0, 5), (1, 5), (1, 4), (2, 4), (3, 4), (3, 5), (4, 5), (5, 5), (6, 5), (6, 4), (6, 5), (5, 5), (4, 5), (3, 5), (3, 6), (2, 6), (1, 6), (0, 6), (0, 5)]
Total Frontier Nodes: 92
Total Explored Nodes: 359


Solution Path: [(3, 1), (2, 1), (2, 2), (2, 3), (3, 3), (2, 3), (2, 2), (2, 1), (3, 1), (3, 0), (2, 0), (2, 1), (2, 2), (1, 2), (1, 3), (0, 3), (1, 3)]
Total Frontier Nodes: 8
Total Explored Nodes: 29


Solution Path: [(7, 7), (6, 7), (5, 7), (4, 7), (3, 7), (2, 7), (1, 7), (0, 7), (0, 6), (0, 5), (1, 5), (2, 5), (3, 5), (4, 5), (5, 5), (4, 5), (3, 5), (2, 5), (1, 5)]
Total Frontier Nodes: 25
Total Explored Nodes: 21


Solution Path: [(1, 6), (0, 6), (0, 5), (0, 4), (0, 5), (0, 6), (1, 6), (2, 6), (1, 6), (0, 6), (0, 5), (0, 4), (1, 4), (2, 4), (3, 4), (3, 3), (2, 3), (1, 3), (0, 3), (0, 4), (0, 5), (0, 6), (1, 6), (2, 6), (3, 6), (3, 5)]
Total Frontier Nodes: 21
Total Explored Nodes: 83


Solution Path: [(7, 7), (6, 7), (5, 7), (4, 7), (3, 7), (3, 6), (2, 6), (2, 5), (2, 4), (1, 4), (1, 3), (0, 3), (0, 2), (0, 1), (0, 2), (0, 3), (1, 3), (1, 4), (2, 4), (2, 5), (2, 6), (3, 6), (3, 7), (4, 7), (5, 7), (6, 7), (7, 7), (7, 6), (7, 5), (6, 5), (5, 5), (4, 5), (4, 4), (4, 3), (3, 3), (3, 2), (2, 2), (2, 1), (2, 0), (3, 0), (4, 0), (4, 1), (5, 1), (6, 1), (6, 2), (6, 3), (5, 3), (4, 3), (3, 3), (2, 3), (2, 4), (2, 5), (2, 6), (3, 6), (3, 7), (4, 7), (5, 7), (5, 6), (4, 6), (4, 5), (4, 6), (3, 6), (2, 6), (2, 5), (2, 4), (1, 4), (1, 3), (0, 3), (0, 2), (0, 1), (1, 1), (2, 1), (2, 2), (3, 2), (3, 3), (4, 3), (5, 3), (6, 3), (6, 4), (6, 5), (6, 6), (6, 7), (5, 7)]
Total Frontier Nodes: 55
Total Explored Nodes: 191


Solution Path: [(0, 2), (0, 3), (0, 4), (0, 5), (1, 5), (2, 5), (3, 5), (3, 4), (4, 4), (4, 3), (4, 2), (3, 2), (2, 2), (2, 1), (2, 0), (3, 0), (2, 0), (1, 0), (0, 0), (0, 1), (0, 2), (0, 3), (0, 4), (0, 5), (1, 5), (2, 5), (3, 5), (3, 4), (4, 4), (4, 3), (4, 2), (3, 2), (2, 2), (2, 3), (1, 3), (0, 3), (0, 2), (0, 1), (1, 1), (1, 0), (0, 0), (0, 1), (0, 2), (0, 3), (0, 4), (0, 5), (1, 5), (2, 5), (3, 5), (3, 4), (3, 3)]
Total Frontier Nodes: 26
Total Explored Nodes: 118


Solution Path: [(4, 3), (3, 3), (2, 3), (1, 3), (1, 2), (0, 2), (0, 1), (0, 0), (1, 0), (2, 0), (2, 1), (1, 1), (1, 2), (1, 3)]
Total Frontier Nodes: 13
Total Explored Nodes: 23


Solution Path: [(1, 3), (0, 3), (0, 2), (0, 1), (0, 0), (0, 1), (0, 2), (0, 3), (1, 3), (2, 3), (2, 2), (1, 2), (0, 2)]
Total Frontier Nodes: 10
Total Explored Nodes: 17


Solution Path: [(2, 4), (1, 4), (0, 4), (0, 3), (0, 2), (1, 2), (2, 2), (3, 2), (3, 3), (4, 3), (4, 4), (4, 5), (4, 6), (5, 6), (6, 6), (6, 5), (6, 4), (6, 3), (6, 2), (5, 2), (5, 1), (5, 0), (6, 0), (5, 0), (4, 0), (3, 0), (2, 0), (1, 0), (0, 0), (0, 1), (0, 2), (0, 3), (0, 4), (0, 5), (1, 5), (2, 5), (3, 5), (3, 6), (4, 6), (5, 6), (6, 6), (6, 5), (6, 4), (5, 4), (4, 4)]
Total Frontier Nodes: 26
Total Explored Nodes: 59


Solution Path: [(0, 0), (1, 0), (1, 1), (1, 2), (1, 3), (1, 4), (1, 5), (1, 6), (1, 7), (2, 7), (3, 7), (4, 7), (5, 7), (6, 7), (7, 7), (7, 6), (7, 5), (6, 5), (5, 5), (4, 5), (3, 5), (2, 5), (1, 5), (0, 5), (0, 6), (0, 7), (1, 7), (2, 7), (3, 7), (4, 7), (5, 7), (6, 7), (7, 7), (7, 6), (7, 5), (6, 5), (6, 4), (5, 4), (5, 3), (4, 3), (3, 3), (2, 3)]
Total Frontier Nodes: 31
Total Explored Nodes: 94


Solution Path: [(0, 3), (0, 2), (1, 2), (1, 1), (1, 0), (0, 0), (0, 1), (0, 2), (1, 2), (1, 1), (1, 0), (2, 0), (3, 0), (3, 1)]
Total Frontier Nodes: 5
Total Explored Nodes: 18


Solution Path: [(2, 2), (1, 2), (0, 2), (1, 2), (1, 1), (1, 0), (2, 0), (1, 0), (1, 1), (1, 2)]
Total Frontier Nodes: 5
Total Explored Nodes: 28


Solution Path: [(1, 6), (1, 7), (2, 7), (3, 7), (4, 7), (5, 7), (6, 7), (7, 7), (7, 6), (7, 5), (6, 5), (5, 5), (4, 5), (3, 5), (2, 5), (2, 4), (1, 4), (1, 3), (1, 2), (2, 2), (3, 2), (3, 3), (4, 3), (3, 3), (3, 4), (2, 4), (1, 4), (1, 5), (0, 5), (0, 6), (0, 7), (1, 7), (2, 7), (3, 7), (4, 7), (5, 7), (6, 7), (7, 7), (7, 6), (7, 5), (6, 5), (6, 4), (6, 3), (7, 3), (7, 2), (7, 1), (7, 0), (6, 0), (5, 0), (4, 0), (3, 0), (2, 0), (2, 1), (2, 2), (1, 2), (1, 3), (1, 4), (1, 5), (0, 5), (0, 6), (0, 7), (1, 7), (2, 7), (3, 7), (4, 7), (5, 7), (6, 7), (6, 6), (5, 6), (4, 6), (3, 6), (2, 6), (1, 6), (1, 5), (1, 4), (1, 3)]
Total Frontier Nodes: 51
Total Explored Nodes: 160


Solution Path: [(2, 1), (3, 1), (3, 0), (2, 0), (1, 0), (0, 0), (0, 1), (0, 2), (0, 3), (0, 4), (1, 4), (1, 5), (1, 6), (1, 7), (2, 7), (1, 7), (1, 6), (1, 5), (2, 5), (2, 4), (3, 4), (4, 4), (4, 5), (4, 6), (5, 6), (6, 6), (6, 5), (6, 4), (6, 3), (5, 3), (5, 2), (4, 2), (3, 2), (2, 2), (1, 2), (0, 2), (0, 3)]
Total Frontier Nodes: 26
Total Explored Nodes: 102


Solution Path: [(1, 5), (0, 5), (0, 4), (0, 3), (1, 3), (2, 3), (2, 4), (3, 4), (3, 5), (4, 5), (5, 5), (6, 5), (6, 4), (6, 3), (5, 3), (4, 3), (3, 3), (2, 3), (2, 4), (1, 4), (0, 4), (0, 5), (0, 6), (1, 6), (2, 6), (3, 6), (4, 6), (4, 5), (5, 5), (6, 5), (6, 4), (6, 3), (5, 3), (4, 3), (3, 3), (3, 2), (2, 2), (1, 2), (1, 1), (1, 0), (2, 0), (3, 0), (2, 0), (1, 0), (1, 1), (1, 2), (0, 2), (0, 3), (0, 4), (0, 5), (0, 6), (1, 6), (2, 6), (3, 6), (3, 5)]
Total Frontier Nodes: 37
Total Explored Nodes: 126


Solution Path: [(2, 3), (1, 3), (0, 3), (0, 4), (0, 5), (0, 4), (0, 3), (0, 4), (1, 4), (2, 4), (2, 5), (2, 4)]
Total Frontier Nodes: 9
Total Explored Nodes: 71


Solution Path: [(1, 1), (0, 1), (0, 2), (0, 3), (0, 4), (0, 5), (0, 6), (1, 6), (2, 6), (2, 5), (2, 4), (3, 4), (3, 3), (4, 3), (5, 3), (5, 2), (5, 1), (4, 1), (3, 1), (2, 1), (1, 1), (0, 1), (0, 2), (0, 3), (0, 4), (0, 5), (0, 6), (1, 6), (2, 6), (2, 5), (2, 4), (3, 4), (3, 3), (4, 3), (5, 3), (5, 4), (5, 5), (4, 5), (5, 5), (5, 4), (5, 3), (4, 3), (3, 3), (3, 4), (2, 4), (1, 4), (0, 4), (0, 3), (0, 2), (1, 2), (2, 2), (2, 1), (2, 0), (1, 0), (0, 0), (0, 1), (0, 2), (0, 3), (0, 4), (0, 5), (0, 6), (1, 6), (2, 6), (2, 5), (2, 4), (3, 4), (3, 3), (4, 3), (5, 3), (5, 4), (6, 4), (5, 4), (5, 5), (5, 6), (6, 6), (6, 5), (6, 4), (5, 4), (5, 3), (4, 3), (3, 3), (3, 4), (2, 4), (1, 4), (0, 4), (0, 3), (0, 2), (1, 2), (2, 2), (2, 1), (3, 1), (4, 1), (4, 0)]
Total Frontier Nodes: 57
Total Explored Nodes: 143


No solution found.


Solution Path: [(0, 1), (1, 1), (1, 2), (2, 2), (3, 2), (3, 1), (3, 2), (3, 1), (3, 0), (3, 1), (2, 1), (2, 2), (2, 3), (2, 2), (1, 2), (0, 2)]
Total Frontier Nodes: 6
Total Explored Nodes: 50


Solution Path: [(3, 1), (4, 1), (4, 0), (3, 0), (2, 0), (1, 0), (0, 0), (0, 1), (0, 2), (1, 2), (1, 3), (2, 3), (3, 3), (3, 4), (3, 3), (2, 3), (1, 3), (1, 2), (0, 2), (0, 1), (0, 0), (1, 0), (2, 0)]
Total Frontier Nodes: 10
Total Explored Nodes: 62


Solution Path: [(0, 5), (1, 5), (2, 5), (2, 6), (3, 6), (4, 6), (5, 6), (6, 6), (6, 5), (6, 4), (5, 4), (4, 4), (3, 4), (3, 3), (2, 3), (1, 3), (0, 3), (0, 4), (0, 5), (1, 5), (2, 5), (3, 5), (2, 5), (2, 4), (2, 5), (1, 5), (0, 5), (0, 4), (0, 3), (1, 3), (1, 2), (2, 2)]
Total Frontier Nodes: 26
Total Explored Nodes: 127


Solution Path: [(2, 2), (1, 2), (0, 2), (0, 3), (0, 4), (0, 5), (0, 6), (0, 7), (0, 8), (1, 8), (2, 8), (3, 8), (4, 8), (5, 8), (6, 8), (7, 8), (8, 8), (8, 7), (8, 6), (7, 6), (6, 6), (5, 6), (4, 6), (3, 6), (2, 6), (2, 5), (2, 4), (3, 4), (4, 4), (5, 4), (6, 4), (6, 3), (7, 3), (7, 2), (7, 1), (6, 1), (5, 1), (4, 1), (3, 1), (3, 0), (2, 0), (1, 0), (0, 0), (1, 0), (1, 1), (1, 2), (0, 2), (0, 3), (0, 4), (1, 4), (0, 4), (0, 5), (0, 6), (0, 7), (0, 8), (1, 8), (2, 8), (3, 8), (4, 8), (5, 8), (6, 8), (7, 8), (8, 8), (8, 7), (8, 6), (7, 6), (6, 6), (5, 6), (4, 6), (3, 6), (3, 5), (3, 4), (4, 4), (5, 4), (6, 4), (6, 3), (7, 3), (7, 2), (7, 1), (6, 1), (5, 1), (4, 1), (3, 1), (2, 1), (2, 2), (2, 3), (1, 3), (0, 3), (0, 4), (0, 5), (0, 6), (0, 7), (0, 8), (1, 8), (2, 8), (3, 8), (4, 8), (5, 8), (5, 7)]
Total Frontier Nodes: 73
Total Explored Nodes: 253


Solution Path: [(2, 3), (1, 3), (0, 3), (0, 2), (0, 1), (1, 1), (2, 1), (3, 1), (3, 2), (4, 2), (4, 3), (4, 4), (4, 5), (4, 6), (5, 6), (4, 6), (4, 5), (4, 4), (3, 4), (2, 4), (2, 5), (1, 5), (0, 5), (0, 4), (0, 3), (1, 3), (1, 2), (2, 2), (3, 2), (3, 1), (3, 0), (2, 0), (1, 0), (0, 0), (0, 1), (0, 2), (0, 3), (0, 4), (0, 5), (0, 6), (1, 6), (2, 6), (2, 5), (2, 4), (3, 4), (4, 4), (4, 5), (4, 6), (5, 6), (6, 6), (6, 5), (6, 4), (6, 3), (6, 2), (5, 2), (4, 2), (3, 2), (2, 2), (1, 2), (0, 2), (0, 3), (0, 4), (0, 5), (0, 6), (1, 6), (2, 6), (2, 5), (2, 4), (3, 4), (4, 4), (3, 4), (2, 4), (2, 5), (1, 5), (0, 5), (0, 4), (0, 3), (1, 3), (1, 2), (2, 2), (3, 2), (2, 2), (1, 2), (0, 2), (0, 3), (0, 4), (0, 5)]
Total Frontier Nodes: 65
Total Explored Nodes: 127


Solution Path: [(3, 6), (2, 6), (1, 6), (0, 6), (0, 7), (0, 8), (1, 8), (2, 8), (3, 8), (4, 8), (5, 8), (6, 8), (7, 8), (8, 8), (8, 7), (8, 6), (7, 6), (6, 6), (5, 6), (5, 5), (4, 5), (4, 4), (3, 4), (2, 4), (1, 4), (1, 3), (1, 2), (2, 2), (1, 2), (0, 2), (0, 1), (0, 0), (1, 0), (2, 0), (3, 0), (3, 1), (4, 1), (4, 2), (4, 3), (3, 3), (3, 4), (2, 4), (1, 4), (0, 4), (0, 5), (0, 6), (0, 7), (0, 8), (1, 8), (2, 8), (3, 8), (4, 8), (5, 8), (6, 8), (7, 8), (8, 8), (8, 7), (8, 6), (7, 6), (6, 6), (5, 6), (5, 5), (5, 4), (6, 4), (7, 4), (7, 3), (7, 2), (7, 1), (6, 1), (5, 1), (4, 1), (3, 1), (2, 1), (1, 1), (1, 2), (1, 3), (1, 4), (0, 4), (0, 5), (0, 6), (0, 7), (0, 8), (1, 8), (2, 8), (3, 8), (4, 8), (5, 8), (6, 8), (7, 8), (7, 7), (6, 7), (5, 7), (4, 7), (3, 7), (3, 8), (2, 8), (1, 8), (0, 8), (0, 7), (0, 6), (0, 5)]
Total Frontier Nodes: 77
Total Explored Nodes: 232


