Solution Path: [(4, 2), (3, 2), (2, 2), (2, 1), (2, 0), (1, 0), (1, 1), (1, 2), (1, 3)]
Total Frontier Nodes: 5
Total Explored Nodes: 24


Solution Path: [(3, 5), (2, 5), (1, 5), (1, 4), (1, 3), (2, 3), (2, 2), (2, 1)]
Total Frontier Nodes: 20
Total Explored Nodes: 36


No solution found.


No solution found.


Solution Path: [(4, 3), (4, 2), (4, 1), (3, 1), (2, 1), (2, 0), (1, 0), (0, 0), (1, 0), (2, 0), (2, 1), (3, 1), (4, 1)]
Total Frontier Nodes: 4
Total Explored Nodes: 33


Solution Path: [(4, 1), (3, 1), (2, 1), (2, 2), (2, 3), (1, 3), (2, 3), (2, 2), (2, 1), (1, 1), (1, 0), (2, 0), (3, 0), (4, 0), (5, 0), (4, 0), (3, 0), (2, 0), (2, 1), (2, 2), (2, 3), (2, 4), (2, 5), (2, 4), (2, 3), (2, 2), (2, 1), (1, 1)]
Total Frontier Nodes: 18
Total Explored Nodes: 94


Solution Path: [(1, 1), (0, 1), (0, 2), (0, 3), (0, 4), (0, 5), (1, 5), (1, 4), (2, 4), (3, 4), (4, 4), (5, 4), (5, 3), (5, 2), (4, 2), (3, 2), (3, 3), (3, 4), (4, 4)]
Total Frontier Nodes: 17
Total Explored Nodes: 70


Solution Path: [(0, 7), (1, 7), (2, 7), (3, 7), (4, 7), (3, 7), (2, 7), (1, 7), (0, 7), (0, 6), (0, 5), (0, 4), (0, 3), (0, 2), (0, 1), (0, 2), (1, 2), (2, 2), (3, 2), (3, 3), (4, 3), (4, 4), (4, 5), (4, 6), (4, 7), (5, 7), (4, 7), (3, 7), (4, 7), (5, 7), (5, 6), (5, 5), (5, 4), (5, 3), (5, 2), (5, 1), (5, 0)]
Total Frontier Nodes: 22
Total Explored Nodes: 197


Solution Path: [(0, 0), (1, 0), (1, 1), (1, 2), (2, 2), (3, 2), (3, 3), (3, 4), (3, 5), (4, 5), (4, 6), (5, 6), (6, 6), (7, 6)]
Total Frontier Nodes: 10
Total Explored Nodes: 84


Solution Path: [(1, 1), (0, 1), (0, 0), (1, 0), (2, 0), (3, 0)]
Total Frontier Nodes: 7
Total Explored Nodes: 17


Solution Path: [(4, 3), (5, 3), (6, 3), (6, 2), (6, 1), (5, 1), (4, 1), (4, 2), (4, 3), (4, 4), (4, 5), (4, 6), (5, 6), (5, 5), (5, 4), (5, 3), (5, 2), (5, 1), (4, 1), (3, 1), (2, 1), (2, 0)]
Total Frontier Nodes: 21
Total Explored Nodes: 118


Solution Path: [(2, 1), (2, 2), (2, 3), (2, 4), (1, 4), (2, 4), (2, 3), (2, 2)]
Total Frontier Nodes: 10
Total Explored Nodes: 24


Solution Path: [(0, 2), (1, 2), (2, 2), (2, 1), (1, 1), (1, 2), (1, 3), (1, 2), (2, 2), (3, 2), (3, 1), (2, 1), (1, 1), (0, 1), (0, 0), (0, 1), (0, 2), (1, 2)]
Total Frontier Nodes: 11
Total Explored Nodes: 49


Solution Path: [(4, 1), (4, 2), (4, 3), (4, 4), (4, 5), (5, 5), (6, 5), (6, 4), (6, 3), (5, 3), (4, 3), (3, 3), (2, 3), (2, 2), (2, 1), (2, 0), (2, 1), (2, 2), (2, 3), (2, 4), (3, 4), (4, 4), (3, 4), (3, 5)]
Total Frontier Nodes: 31
Total Explored Nodes: 118


Solution Path: [(1, 3), (1, 4), (1, 5), (2, 5), (3, 5), (4, 5), (3, 5), (3, 4), (3, 3), (4, 3), (4, 2), (4, 1), (4, 0), (3, 0), (4, 0), (4, 1), (4, 2), (5, 2), (4, 2), (3, 2), (2, 2), (2, 1), (2, 0), (3, 0), (4, 0), (4, 1)]
Total Frontier Nodes: 28
Total Explored Nodes: 111


Solution Path: [(0, 3), (1, 3), (2, 3), (3, 3), (3, 4), (4, 4), (5, 4), (6, 4), (5, 4), (4, 4), (3, 4), (3, 3), (2, 3), (1, 3), (1, 2), (1, 1)]
Total Frontier Nodes: 7
Total Explored Nodes: 74


Solution Path: [(0, 4), (0, 3), (1, 3), (2, 3), (3, 3), (4, 3), (3, 3), (2, 3), (2, 2), (1, 2), (0, 2), (0, 1), (1, 1)]
Total Frontier Nodes: 14
Total Explored Nodes: 42


Solution Path: [(5, 5), (4, 5), (3, 5), (2, 5), (2, 6), (3, 6), (4, 6), (5, 6), (5, 5), (5, 4), (5, 3), (5, 2)]
Total Frontier Nodes: 12
Total Explored Nodes: 51


Solution Path: [(1, 4), (2, 4), (2, 3), (3, 3), (4, 3), (4, 4), (5, 4), (6, 4), (7, 4), (6, 4), (5, 4), (4, 4), (4, 3), (3, 3), (2, 3), (2, 4), (1, 4), (1, 3), (1, 2), (2, 2), (3, 2), (4, 2)]
Total Frontier Nodes: 27
Total Explored Nodes: 116


Solution Path: [(7, 0), (6, 0), (5, 0), (4, 0), (4, 1), (4, 2), (4, 3), (4, 4), (3, 4), (2, 4), (2, 5), (2, 6), (2, 7), (2, 8), (3, 8), (4, 8), (5, 8), (4, 8), (4, 7), (4, 6), (4, 5), (4, 4), (4, 3), (4, 2), (3, 2)]
Total Frontier Nodes: 21
Total Explored Nodes: 159


Solution Path: [(2, 0), (2, 1), (3, 1), (3, 2)]
Total Frontier Nodes: 7
Total Explored Nodes: 9


Solution Path: [(1, 2), (1, 1), (1, 0), (1, 1), (1, 2), (1, 3), (2, 3), (1, 3), (1, 2), (1, 1), (1, 2), (1, 3), (2, 3), (3, 3), (3, 2)]
Total Frontier Nodes: 11
Total Explored Nodes: 46


Solution Path: [(0, 6), (1, 6), (2, 6), (3, 6), (4, 6), (5, 6), (5, 5), (6, 5), (6, 4), (6, 3), (6, 2), (5, 2), (5, 3), (4, 3), (3, 3), (2, 3), (2, 2), (2, 3), (3, 3), (4, 3), (5, 3), (5, 2)]
Total Frontier Nodes: 17
Total Explored Nodes: 102


Solution Path: [(1, 7), (2, 7), (3, 7), (4, 7), (5, 7), (6, 7), (7, 7), (7, 6), (7, 5), (7, 4), (7, 3), (7, 2), (6, 2), (6, 1), (5, 1), (4, 1), (3, 1), (2, 1)]
Total Frontier Nodes: 11
Total Explored Nodes: 102


Solution Path: [(5, 1), (4, 1), (3, 1), (2, 1), (2, 2), (1, 2), (0, 2), (0, 1), (0, 2), (0, 3), (0, 4), (1, 4), (2, 4), (3, 4), (4, 4), (3, 4), (2, 4), (1, 4), (1, 3), (1, 2), (1, 3), (1, 4), (2, 4), (3, 4), (4, 4), (5, 4)]
Total Frontier Nodes: 20
Total Explored Nodes: 98


Solution Path: [(1, 5), (0, 5), (0, 4), (1, 4), (2, 4), (2, 3), (2, 2), (2, 1), (2, 0), (1, 0), (2, 0), (2, 1), (2, 2), (2, 3), (3, 3), (4, 3), (5, 3), (4, 3), (3, 3), (2, 3), (1, 3), (1, 4)]
Total Frontier Nodes: 11
Total Explored Nodes: 81


Solution Path: [(1, 2), (1, 3), (1, 4), (1, 5), (1, 6), (1, 7), (2, 7), (2, 6), (3, 6), (4, 6), (4, 5), (4, 4), (4, 3), (4, 2), (4, 1), (4, 0), (5, 0), (6, 0), (5, 0), (4, 0), (3, 0), (2, 0), (2, 1), (2, 2), (2, 3)]
Total Frontier Nodes: 19
Total Explored Nodes: 101


Solution Path: [(0, 2), (1, 2), (1, 1), (1, 2), (2, 2), (3, 2), (4, 2), (4, 3), (4, 4), (4, 5), (5, 5), (6, 5), (6, 4), (5, 4), (4, 4), (3, 4), (3, 3), (3, 2), (2, 2), (2, 1), (2, 2), (3, 2), (4, 2), (5, 2), (6, 2), (7, 2)]
Total Frontier Nodes: 42
Total Explored Nodes: 156


Solution Path: [(4, 6), (3, 6), (3, 5), (3, 4), (3, 3), (3, 2), (3, 1), (2, 1), (2, 2), (1, 2), (0, 2), (0, 1), (0, 0), (1, 0)]
Total Frontier Nodes: 9
Total Explored Nodes: 73


Solution Path: [(0, 0), (1, 0), (2, 0), (3, 0), (3, 1), (3, 2), (3, 3), (3, 4), (3, 3), (3, 2), (3, 1), (3, 0), (2, 0), (1, 0)]
Total Frontier Nodes: 3
Total Explored Nodes: 34


Solution Path: [(0, 2), (0, 3), (1, 3), (1, 4), (1, 5), (1, 6), (1, 7), (2, 7), (3, 7), (3, 6), (3, 5), (3, 4), (2, 4), (2, 3), (2, 2), (2, 3), (2, 4), (3, 4), (3, 5), (3, 6), (3, 7), (4, 7), (5, 7), (6, 7), (7, 7), (7, 8)]
Total Frontier Nodes: 19
Total Explored Nodes: 167


Solution Path: [(1, 0), (2, 0), (2, 1), (3, 1), (4, 1), (4, 2), (4, 3), (4, 4)]
Total Frontier Nodes: 5
Total Explored Nodes: 22


Solution Path: [(4, 4), (5, 4), (6, 4)]
Total Frontier Nodes: 12
Total Explored Nodes: 8


Solution Path: [(0, 6), (1, 6), (2, 6), (2, 5), (2, 4), (2, 3), (2, 2), (2, 1), (2, 2), (2, 3), (2, 4), (2, 5), (2, 6), (2, 7), (3, 7), (4, 7), (5, 7), (6, 7), (7, 7)]
Total Frontier Nodes: 11
Total Explored Nodes: 120


No solution found.


Solution Path: [(0, 5), (1, 5), (1, 4), (1, 3), (1, 4), (1, 5), (2, 5), (2, 6), (3, 6), (4, 6), (4, 5), (4, 4), (4, 3), (4, 2), (3, 2), (2, 2), (1, 2), (0, 2), (0, 3), (0, 2), (0, 1), (0, 2), (0, 3), (0, 4), (0, 5), (1, 5), (2, 5), (2, 6), (3, 6)]
Total Frontier Nodes: 33
Total Explored Nodes: 135


Solution Path: [(6, 4), (5, 4), (4, 4), (3, 4), (2, 4), (1, 4), (1, 3), (1, 2), (2, 2), (3, 2), (3, 1), (3, 2), (3, 3), (3, 4), (2, 4), (2, 5)]
Total Frontier Nodes: 18
Total Explored Nodes: 84


Solution Path: [(1, 4), (2, 4), (3, 4), (4, 4), (4, 3), (3, 3), (2, 3), (1, 3), (0, 3), (0, 4), (0, 5), (0, 4)]
Total Frontier Nodes: 7
Total Explored Nodes: 54


Solution Path: [(7, 3), (6, 3), (5, 3), (4, 3), (3, 3), (2, 3), (1, 3), (1, 4), (1, 5), (1, 6), (1, 7), (1, 8), (1, 7), (2, 7), (3, 7), (4, 7), (5, 7), (5, 6), (5, 5), (5, 4), (5, 3), (5, 2), (5, 1), (5, 0), (5, 1), (5, 2), (5, 3), (5, 4), (5, 5), (5, 6), (5, 7)]
Total Frontier Nodes: 20
Total Explored Nodes: 179


Solution Path: [(4, 2), (3, 2), (3, 3), (2, 3), (2, 4), (1, 4), (0, 4), (0, 3), (0, 2), (0, 1), (0, 2), (0, 3), (0, 2), (1, 2), (1, 1), (2, 1), (2, 0)]
Total Frontier Nodes: 11
Total Explored Nodes: 48


Solution Path: [(0, 3), (1, 3), (2, 3), (3, 3), (3, 2), (2, 2), (1, 2), (0, 2), (0, 3), (0, 4), (0, 5), (1, 5), (2, 5), (2, 6), (3, 6), (4, 6), (5, 6), (5, 7), (6, 7), (7, 7), (6, 7), (5, 7), (5, 6), (4, 6), (3, 6), (3, 5), (3, 4), (3, 3), (4, 3), (5, 3), (6, 3), (6, 2), (6, 3), (6, 4), (6, 5), (6, 6)]
Total Frontier Nodes: 42
Total Explored Nodes: 188


Solution Path: [(1, 2), (1, 1), (2, 1), (1, 1), (2, 1), (3, 1), (3, 0), (3, 1), (3, 2), (3, 3)]
Total Frontier Nodes: 5
Total Explored Nodes: 20


Solution Path: [(1, 4), (1, 3), (0, 3), (0, 4), (0, 5), (1, 5), (1, 4), (1, 3), (1, 2), (1, 1), (0, 1), (0, 0), (0, 1), (1, 1), (1, 2), (1, 3), (1, 4), (2, 4), (3, 4), (4, 4), (5, 4), (5, 3), (5, 2), (5, 1), (5, 2), (5, 3), (5, 4)]
Total Frontier Nodes: 25
Total Explored Nodes: 102


Solution Path: [(7, 0), (7, 1), (7, 2), (7, 3), (7, 4), (7, 5), (7, 6), (7, 7), (6, 7), (5, 7), (4, 7), (3, 7), (2, 7), (1, 7), (0, 7), (0, 6), (0, 5)]
Total Frontier Nodes: 14
Total Explored Nodes: 65


Solution Path: [(0, 6), (1, 6), (2, 6), (3, 6), (4, 6), (5, 6), (6, 6), (6, 5), (6, 4), (6, 3), (5, 3), (4, 3), (4, 2), (4, 1), (4, 0), (4, 1), (3, 1), (3, 2), (3, 3), (2, 3), (2, 4), (2, 5), (2, 6), (3, 6), (4, 6), (5, 6), (6, 6), (6, 5), (6, 4), (6, 3), (6, 2)]
Total Frontier Nodes: 18
Total Explored Nodes: 141


Solution Path: [(4, 6), (5, 6), (5, 5), (5, 4), (5, 3), (5, 2), (6, 2), (6, 1), (5, 1), (4, 1), (3, 1), (2, 1), (1, 1), (1, 0)]
Total Frontier Nodes: 14
Total Explored Nodes: 79


Solution Path: [(2, 4), (2, 5), (2, 6), (3, 6), (4, 6), (5, 6), (5, 5), (5, 4), (5, 3), (5, 2), (5, 1), (6, 1), (7, 1), (6, 1), (5, 1), (5, 2), (5, 3), (6, 3), (5, 3), (4, 3), (3, 3), (2, 3), (1, 3), (0, 3), (0, 2), (0, 1), (0, 2), (0, 3), (0, 4), (0, 5), (0, 6), (0, 7), (0, 8)]
Total Frontier Nodes: 52
Total Explored Nodes: 202


Solution Path: [(2, 2), (2, 3), (3, 3), (4, 3), (5, 3), (4, 3), (3, 3), (2, 3), (2, 2), (2, 1), (1, 1), (1, 0)]
Total Frontier Nodes: 10
Total Explored Nodes: 71


Solution Path: [(5, 0), (4, 0), (3, 0), (3, 1), (3, 2), (3, 3), (3, 4), (3, 5), (2, 5), (3, 5), (3, 4), (3, 3), (3, 2), (3, 1), (3, 0), (2, 0), (1, 0), (0, 0)]
Total Frontier Nodes: 13
Total Explored Nodes: 77


Solution Path: [(3, 3), (2, 3), (2, 4), (2, 5), (2, 4), (2, 3), (2, 2), (2, 1), (1, 1), (1, 0), (1, 1), (2, 1), (2, 2), (2, 3), (2, 4), (2, 5), (2, 6), (2, 7), (3, 7), (4, 7), (5, 7)]
Total Frontier Nodes: 25
Total Explored Nodes: 126


Solution Path: [(8, 6), (7, 6), (6, 6), (5, 6), (4, 6), (4, 7), (3, 7), (3, 6), (3, 5), (3, 4), (3, 3), (3, 4), (3, 5), (3, 6), (3, 7), (4, 7), (5, 7), (4, 7), (4, 6), (4, 5), (4, 4)]
Total Frontier Nodes: 36
Total Explored Nodes: 136


Solution Path: [(0, 2), (1, 2), (2, 2), (3, 2), (4, 2), (5, 2), (6, 2), (6, 1), (6, 2)]
Total Frontier Nodes: 14
Total Explored Nodes: 47


Solution Path: [(3, 1), (3, 2), (3, 3), (3, 4), (3, 5), (4, 5), (5, 5)]
Total Frontier Nodes: 17
Total Explored Nodes: 35


No solution found.


Solution Path: [(2, 2), (2, 3), (3, 3), (4, 3), (4, 2), (4, 1), (3, 1), (3, 0), (3, 1), (4, 1)]
Total Frontier Nodes: 0
Total Explored Nodes: 23


Solution Path: [(1, 5), (1, 4), (2, 4), (3, 4), (3, 5), (4, 5), (3, 5), (3, 4), (2, 4), (2, 3)]
Total Frontier Nodes: 9
Total Explored Nodes: 24


Solution Path: [(1, 3), (2, 3), (2, 2), (2, 1), (1, 1), (1, 2), (1, 3), (1, 4), (2, 4), (3, 4), (3, 3), (2, 3), (2, 2), (2, 1), (2, 0), (3, 0), (2, 0), (2, 1), (2, 2), (2, 3), (2, 4), (3, 4), (4, 4), (3, 4), (2, 4), (2, 3), (2, 2), (2, 1), (2, 0)]
Total Frontier Nodes: 8
Total Explored Nodes: 96


Solution Path: [(4, 5), (3, 5), (2, 5), (2, 4), (2, 3), (2, 2), (2, 1), (1, 1), (1, 2), (1, 3), (1, 4), (1, 5), (1, 6), (0, 6), (1, 6), (1, 5), (1, 4), (1, 3), (1, 2), (1, 1), (0, 1), (1, 1), (1, 2), (1, 3)]
Total Frontier Nodes: 17
Total Explored Nodes: 106


Solution Path: [(0, 4), (1, 4), (2, 4), (3, 4), (3, 3), (3, 2), (3, 1), (3, 0), (4, 0), (3, 0), (2, 0), (1, 0), (1, 1), (1, 2), (2, 2), (1, 2)]
Total Frontier Nodes: 14
Total Explored Nodes: 44


Solution Path: [(3, 3), (4, 3), (5, 3), (4, 3), (4, 4)]
Total Frontier Nodes: 11
Total Explored Nodes: 14


Solution Path: [(6, 4), (5, 4), (4, 4), (3, 4), (3, 3), (2, 3), (1, 3), (1, 2), (1, 1), (1, 0), (1, 1), (2, 1), (3, 1), (4, 1), (5, 1), (6, 1), (6, 0), (5, 0), (5, 1), (4, 1), (3, 1), (2, 1), (1, 1), (0, 1), (0, 2), (0, 3), (0, 4), (0, 5), (0, 6), (1, 6), (2, 6), (3, 6), (4, 6), (5, 6), (6, 6), (6, 5), (6, 4), (6, 3), (6, 2), (6, 1), (5, 1), (5, 0)]
Total Frontier Nodes: 12
Total Explored Nodes: 181


Solution Path: [(2, 3), (1, 3), (1, 4), (0, 4), (0, 5), (0, 6), (1, 6), (2, 6), (3, 6), (4, 6), (5, 6), (6, 6), (6, 5)]
Total Frontier Nodes: 14
Total Explored Nodes: 56


Solution Path: [(7, 4), (6, 4), (5, 4), (4, 4), (4, 5), (4, 6), (5, 6), (6, 6), (7, 6), (6, 6), (5, 6), (4, 6), (3, 6), (2, 6), (1, 6), (1, 5), (1, 4), (1, 3), (1, 2), (1, 1), (1, 2), (1, 3), (1, 4), (1, 5), (1, 6), (1, 7), (1, 8), (2, 8), (3, 8), (4, 8), (5, 8), (5, 7), (5, 6), (5, 5), (5, 4), (5, 3), (4, 3), (3, 3), (2, 3), (1, 3), (0, 3), (0, 4), (0, 5), (0, 6), (0, 7)]
Total Frontier Nodes: 36
Total Explored Nodes: 304


Solution Path: [(1, 2), (2, 2), (3, 2), (4, 2), (5, 2), (5, 1), (5, 2), (6, 2), (5, 2), (4, 2), (3, 2), (3, 3), (3, 4), (4, 4), (5, 4), (5, 3), (5, 2), (4, 2), (3, 2), (2, 2), (1, 2), (0, 2), (1, 2), (2, 2), (3, 2), (3, 3)]
Total Frontier Nodes: 40
Total Explored Nodes: 140


Solution Path: [(1, 3), (1, 4), (1, 5), (2, 5), (3, 5), (4, 5), (4, 4), (4, 3), (4, 2), (4, 1), (4, 0), (4, 1), (4, 2), (4, 1), (4, 2), (4, 3), (4, 4), (5, 4)]
Total Frontier Nodes: 33
Total Explored Nodes: 112


No solution found.


Solution Path: [(1, 0), (1, 1), (1, 2), (2, 2), (2, 1), (2, 0), (3, 0)]
Total Frontier Nodes: 2
Total Explored Nodes: 14


Solution Path: [(6, 6), (6, 5), (6, 4), (6, 3), (5, 3), (5, 2), (5, 1), (4, 1), (3, 1), (2, 1), (1, 1), (0, 1), (0, 2), (0, 3), (1, 3), (2, 3), (3, 3), (4, 3)]
Total Frontier Nodes: 22
Total Explored Nodes: 97


Solution Path: [(3, 3), (2, 3), (1, 3), (1, 2), (2, 2), (3, 2), (4, 2), (4, 1), (3, 1), (2, 1), (1, 1), (0, 1), (1, 1)]
Total Frontier Nodes: 21
Total Explored Nodes: 59


Solution Path: [(5, 6), (4, 6), (3, 6), (2, 6), (1, 6), (0, 6), (0, 5), (0, 4), (0, 3), (0, 2), (0, 1), (0, 0), (0, 1), (0, 2), (0, 3), (0, 4), (0, 5), (0, 6), (1, 6), (2, 6), (3, 6), (4, 6), (5, 6), (6, 6), (7, 6)]
Total Frontier Nodes: 12
Total Explored Nodes: 126


Solution Path: [(2, 0), (2, 1), (3, 1), (2, 1), (2, 0), (1, 0), (2, 0), (2, 1), (2, 2), (1, 2)]
Total Frontier Nodes: 3
Total Explored Nodes: 21


No solution found.


Solution Path: [(4, 2), (4, 3), (4, 4), (5, 4), (4, 4), (4, 3), (3, 3), (3, 2), (3, 1), (2, 1), (1, 1), (1, 2), (1, 3), (1, 4), (1, 5), (1, 4), (1, 3), (1, 2), (2, 2), (3, 2), (2, 2), (1, 2), (1, 1), (1, 0)]
Total Frontier Nodes: 36
Total Explored Nodes: 128


Solution Path: [(4, 1), (3, 1), (2, 1), (1, 1), (1, 2), (0, 2), (0, 3), (0, 4), (1, 4), (2, 4), (3, 4), (4, 4), (5, 4), (5, 3), (5, 2), (5, 1), (5, 0), (4, 0), (4, 1), (3, 1), (2, 1), (2, 2)]
Total Frontier Nodes: 17
Total Explored Nodes: 75


Solution Path: [(0, 2), (1, 2), (2, 2), (3, 2), (3, 1), (3, 0), (3, 1), (3, 2), (3, 3), (2, 3), (2, 4), (2, 5), (2, 6), (3, 6)]
Total Frontier Nodes: 17
Total Explored Nodes: 72


Solution Path: [(2, 0), (1, 0), (1, 1), (1, 2), (2, 2), (1, 2), (1, 1)]
Total Frontier Nodes: 6
Total Explored Nodes: 17


Solution Path: [(3, 1), (3, 2), (4, 2), (5, 2), (6, 2), (7, 2), (7, 3), (7, 4), (8, 4), (7, 4), (7, 3), (7, 2), (6, 2), (5, 2), (4, 2), (3, 2), (2, 2), (1, 2), (1, 1), (1, 0), (1, 1), (1, 2), (1, 3), (1, 4), (1, 5), (1, 6), (1, 7), (2, 7), (3, 7), (4, 7), (5, 7), (6, 7), (6, 6), (6, 5), (6, 4), (6, 5), (5, 5), (4, 5), (3, 5), (3, 6), (2, 6), (1, 6), (0, 6), (0, 5)]
Total Frontier Nodes: 34
Total Explored Nodes: 293


Solution Path: [(3, 1), (2, 1), (2, 2), (2, 3), (3, 3), (2, 3), (2, 2), (2, 1), (3, 1), (3, 0), (2, 0), (2, 1), (2, 2), (1, 2), (1, 3), (0, 3), (1, 3)]
Total Frontier Nodes: 4
Total Explored Nodes: 38


Solution Path: [(7, 7), (6, 7), (5, 7), (5, 6), (5, 5), (4, 5), (3, 5), (2, 5), (1, 5)]
Total Frontier Nodes: 19
Total Explored Nodes: 43


Solution Path: [(1, 6), (0, 6), (0, 5), (0, 4), (0, 5), (0, 6), (1, 6), (2, 6), (3, 6), (3, 5), (3, 4), (3, 3), (3, 4), (3, 5)]
Total Frontier Nodes: 23
Total Explored Nodes: 54


Solution Path: [(7, 7), (6, 7), (5, 7), (4, 7), (3, 7), (3, 6), (2, 6), (2, 5), (2, 4), (1, 4), (1, 3), (0, 3), (0, 2), (0, 1), (0, 2), (0, 3), (1, 3), (2, 3), (3, 3), (4, 3), (5, 3), (6, 3), (6, 4), (6, 5), (5, 5), (5, 6), (4, 6), (4, 5), (4, 6), (4, 7), (5, 7)]
Total Frontier Nodes: 32
Total Explored Nodes: 139


Solution Path: [(0, 2), (0, 1), (1, 1), (2, 1), (3, 1), (3, 0), (3, 1), (3, 2), (4, 2), (3, 2), (2, 2), (2, 1), (1, 1), (1, 0), (1, 1), (2, 1), (2, 2), (2, 3), (3, 3)]
Total Frontier Nodes: 24
Total Explored Nodes: 79


Solution Path: [(4, 3), (3, 3), (2, 3), (2, 2), (2, 1), (1, 1), (1, 2), (1, 3)]
Total Frontier Nodes: 10
Total Explored Nodes: 38


Solution Path: [(1, 3), (0, 3), (0, 2), (0, 1), (0, 0), (0, 1), (0, 2), (1, 2), (2, 2), (1, 2), (0, 2)]
Total Frontier Nodes: 10
Total Explored Nodes: 24


Solution Path: [(2, 4), (3, 4), (4, 4), (5, 4), (5, 3), (5, 2), (5, 1), (5, 0), (6, 0), (5, 0), (5, 1), (5, 2), (5, 3), (4, 3), (4, 4)]
Total Frontier Nodes: 6
Total Explored Nodes: 68


Solution Path: [(0, 0), (1, 0), (1, 1), (1, 2), (1, 3), (1, 4), (1, 5), (1, 6), (2, 6), (3, 6), (4, 6), (4, 5), (3, 5), (2, 5), (2, 4), (2, 3)]
Total Frontier Nodes: 24
Total Explored Nodes: 73


Solution Path: [(0, 3), (0, 2), (0, 1), (0, 0), (0, 1), (0, 2), (1, 2), (1, 1), (1, 0), (2, 0), (3, 0), (3, 1)]
Total Frontier Nodes: 3
Total Explored Nodes: 20


Solution Path: [(2, 2), (1, 2), (0, 2), (1, 2), (1, 1), (1, 0), (2, 0), (1, 0), (1, 1), (1, 2)]
Total Frontier Nodes: 5
Total Explored Nodes: 23


Solution Path: [(1, 6), (2, 6), (3, 6), (4, 6), (4, 5), (4, 4), (4, 3), (5, 3), (6, 3), (7, 3), (7, 2), (7, 1), (7, 0), (6, 0), (6, 1), (6, 2), (6, 3), (6, 4), (6, 5), (6, 6), (5, 6), (4, 6), (3, 6), (2, 6), (1, 6), (1, 5), (1, 4), (1, 3)]
Total Frontier Nodes: 16
Total Explored Nodes: 167


Solution Path: [(2, 1), (3, 1), (3, 0), (2, 0), (2, 1), (2, 2), (2, 3), (2, 4), (2, 5), (2, 6), (2, 7), (1, 7), (1, 6), (1, 5), (1, 4), (0, 4), (0, 3)]
Total Frontier Nodes: 20
Total Explored Nodes: 83


Solution Path: [(1, 5), (2, 5), (3, 5), (4, 5), (4, 4), (4, 3), (3, 3), (2, 3), (2, 4), (3, 4), (3, 3), (3, 2), (3, 1), (3, 0), (3, 1), (3, 2), (3, 3), (3, 4), (3, 5)]
Total Frontier Nodes: 29
Total Explored Nodes: 104


Solution Path: [(2, 3), (1, 3), (0, 3), (0, 4), (0, 5), (0, 4), (0, 3), (0, 4), (1, 4), (2, 4), (2, 5), (2, 4)]
Total Frontier Nodes: 13
Total Explored Nodes: 41


Solution Path: [(1, 1), (2, 1), (3, 1), (4, 1), (5, 1), (5, 2), (5, 3), (5, 4), (5, 5), (4, 5), (5, 5), (5, 4), (5, 3), (4, 3), (3, 3), (3, 2), (2, 2), (2, 1), (2, 0), (2, 1), (2, 2), (3, 2), (3, 3), (4, 3), (5, 3), (5, 4), (6, 4), (5, 4), (5, 5), (5, 6), (5, 5), (5, 4), (5, 3), (4, 3), (4, 2), (4, 1), (4, 0)]
Total Frontier Nodes: 31
Total Explored Nodes: 151


No solution found.


Solution Path: [(0, 1), (1, 1), (2, 1), (3, 1), (3, 2), (3, 1), (3, 0), (3, 1), (2, 1), (2, 2), (2, 3), (2, 2), (1, 2), (0, 2)]
Total Frontier Nodes: 11
Total Explored Nodes: 35


Solution Path: [(3, 1), (4, 1), (4, 0), (3, 0), (2, 0), (2, 1), (2, 2), (2, 3), (3, 3), (3, 4), (3, 3), (2, 3), (2, 2), (2, 1), (2, 0)]
Total Frontier Nodes: 16
Total Explored Nodes: 48


Solution Path: [(0, 5), (1, 5), (2, 5), (2, 6), (3, 6), (3, 5), (3, 4), (3, 3), (3, 4), (3, 5), (2, 5), (2, 4), (2, 3), (2, 2)]
Total Frontier Nodes: 32
Total Explored Nodes: 51


Solution Path: [(2, 2), (1, 2), (1, 1), (1, 0), (0, 0), (1, 0), (1, 1), (1, 2), (1, 3), (1, 4), (2, 4), (2, 3), (1, 3), (0, 3), (0, 4), (0, 5), (0, 6), (0, 7), (0, 8), (1, 8), (2, 8), (3, 8), (4, 8), (5, 8), (5, 7)]
Total Frontier Nodes: 37
Total Explored Nodes: 122


Solution Path: [(2, 3), (2, 4), (3, 4), (4, 4), (4, 5), (4, 6), (5, 6), (4, 6), (4, 5), (4, 4), (3, 4), (2, 4), (2, 3), (1, 3), (0, 3), (0, 2), (0, 1), (0, 2), (1, 2), (2, 2), (3, 2), (4, 2), (5, 2), (6, 2), (5, 2), (4, 2), (4, 3), (4, 4), (3, 4), (3, 3), (3, 2), (2, 2), (1, 2), (0, 2), (0, 3), (0, 4), (0, 5)]
Total Frontier Nodes: 27
Total Explored Nodes: 187


Solution Path: [(3, 6), (2, 6), (2, 5), (2, 4), (2, 3), (2, 2), (3, 2), (4, 2), (5, 2), (6, 2), (7, 2), (7, 1), (7, 2), (7, 3), (7, 4), (7, 5), (7, 6), (7, 7), (6, 7), (5, 7), (4, 7), (3, 7), (3, 6), (2, 6), (1, 6), (0, 6), (0, 5)]
Total Frontier Nodes: 32
Total Explored Nodes: 187


